3.093117166431900600e+01
1.460764978228318078e+00
2.319412334807320804e+02
4.489424690662421824e+01
-2.883714421218296025e+02
9.526130113651262832e+00
-8.465323411603286274e+01
1.600747355976309549e+01
9.479186414197621957e+01
3.028479406695990761e+01
3.241459898266066375e+01
3.224131550517319056e+01
2.552601064651962020e+02
2.313893559015169288e+01
-2.840479363230207355e+02
1.341326871316282521e+01
-8.409998923660970149e+01
4.450129180437343734e+01
1.137155568888740476e+02
5.149333797063954421e+01
4.908410175094005901e+00
3.310473455175225155e+01
2.942598798848599699e+02
-3.319857290428677388e+00
-3.078115056306119754e+02
1.359367845509883921e+01
-9.617874423397240946e+01
3.272879786518022627e+01
6.371175241781738663e+01
1.771237894046916495e+01
4.908410175093035122e+00
3.310473455175225155e+01
2.942598798848603678e+02
-3.319857290428272822e+00
-3.078115056306111228e+02
1.359367845509959238e+01
-9.617874423397248052e+01
3.272879786518005574e+01
6.371175241781793375e+01
1.771237894046919692e+01
-7.015440622493261458e+01
-2.520889235689032404e+01
4.128186569270043265e+02
-9.069129245506596249e+01
-3.015957614625804126e+02
3.231187881979313659e+01
-9.461952409101441219e+01
-8.248735881140628123e+01
2.333685728674896609e+01
-1.560704837146254675e+01
-1.702044669500748455e+02
-5.327083554615882122e+01
5.364668889750889775e+02
-2.171776927465153051e+02
-2.662986998336347142e+02
3.386245957203452406e+01
-8.139465964174753765e+01
-1.427506072868091849e+02
2.496965736977163530e+01
4.730501310933323111e+01
-3.396679433851811041e+02
-6.633405708895719499e+01
5.766426270498446911e+02
-2.797774867599656545e+02
-1.957842465228172273e+02
1.303595582791725178e+02
-9.133375537188098292e+01
-4.120543196142542541e+01
4.222088667635437531e+01
9.037127777851712551e+01
-4.291007330381136740e+02
-1.263786867066648796e+02
5.867669258209467671e+02
-3.296740232924930751e+02
-1.666481892266119473e+02
1.399070773758845405e+02
-1.016653990590687897e+02
-3.111616729610317655e+00
4.495480894333697819e+01
7.931612397426589212e+01
-5.380037135182509473e+02
-2.023122763926881191e+02
5.422094745807441996e+02
-3.808603015100040352e+02
-1.569377921923042152e+02
1.491520147163884360e+02
-1.480774973255540488e+02
3.541581502790546665e+01
3.600901715373476009e+01
8.699911563250397251e+01
-5.380037135182509473e+02
-2.023122763926881191e+02
5.422094745807440859e+02
-3.808603015100036373e+02
-1.569377921923048973e+02
1.491520147163886634e+02
-1.480774973255539351e+02
3.541581502790486979e+01
3.600901715373358769e+01
8.699911563250384461e+01
-6.141154131696659988e+02
-1.884947062284098536e+02
5.244375938177996659e+02
-3.874637598906922449e+02
-1.943232236289491937e+02
2.134947797197992259e+02
-1.814227102248923416e+02
1.200393296549053161e+02
5.805961066915276803e+01
1.031002101690718149e+02
-7.150747453263929856e+02
5.143212693683854475e+00
4.154966786943117540e+02
-5.476556992271925992e+02
-2.155357670659597886e+02
2.536154110914892783e+02
-1.607290736986045943e+02
2.160668672375390997e+02
-1.662111064413277717e+01
1.999533823169409743e+02
-7.780200864976183084e+02
8.069238365453682604e+01
3.412103665443920022e+02
-6.458231757727141940e+02
-1.642038154884541257e+02
1.656763447709002151e+02
-2.426635003666631860e+02
2.201128386699269299e+02
-4.363533802454795563e+01
2.539901872833184768e+02
-9.191353418066366885e+02
1.717253695261238420e+02
3.184526107581924066e+02
-6.085889665653681959e+02
-1.479322708849304888e+02
6.255734978448088413e+01
-2.057330538960307535e+02
2.531939717296456536e+02
1.130634694465591821e+02
2.614670614471414751e+02
-1.019229085424348568e+03
2.888916459535514605e+02
2.397921433677273910e+02
-5.089857663097925524e+02
-2.409819790514753777e+02
-9.813626533870409219e+01
-1.649989517146198352e+02
2.185124719870275101e+02
1.357374530202598635e+02
9.055675929159109216e+01
-1.019229085424348568e+03
2.888916459535515173e+02
2.397921433677273626e+02
-5.089857663097925524e+02
-2.409819790514753777e+02
-9.813626533870409219e+01
-1.649989517146197500e+02
2.185124719870274816e+02
1.357374530202596361e+02
9.055675929159122006e+01
-9.071277802195276081e+02
1.982963987717804173e+02
2.353281868770142466e+02
-4.214318986754588536e+02
-2.535819212864180372e+02
-1.876520752464209352e+02
-1.137413353602471346e+02
1.797940388746058602e+02
2.348330770918400958e+02
-3.257144875886955049e+01
-7.243883888956079318e+02
-4.060862130152591476e+01
2.489627124094520809e+02
-3.507800703871573091e+02
-2.498129636840423302e+02
-1.391121302796478290e+02
-1.203191549278702155e+01
1.572877215338951373e+02
2.857613869049539517e+02
-4.138792194455692197e+01
-6.406016276509624277e+02
-1.165561937734732965e+02
1.342062931560622872e+02
-3.337849104077773177e+02
-3.017544664046827165e+02
-4.429109994300948472e+01
3.052228968239091511e+00
1.151509313315033438e+02
1.996523988020253171e+02
2.023145503917361410e+01
-6.375292133111946669e+02
-1.254022774670850282e+02
4.418498169647617857e+01
-3.089894061901796931e+02
-3.464905326151704230e+02
6.287080452729786373e+01
-5.946964288802279697e+01
9.935952931469677196e+01
1.113393546640189271e+02
7.630391517569556470e+01
-6.375292133111946669e+02
-1.254022774670850282e+02
4.418498169647617857e+01
-3.089894061901796931e+02
-3.464905326151703662e+02
6.287080452729787083e+01
-5.946964288802280407e+01
9.935952931469677196e+01
1.113393546640189129e+02
7.630391517569550786e+01
-6.223283434050146070e+02
-6.224946201471259144e+01
5.645491399440525804e+00
-2.876318007750899710e+02
-3.389131332444614486e+02
8.273269054038028969e+01
-2.655185424293458851e+01
5.389269292169772285e+01
4.992365010633946554e+01
4.326697901252868661e+01
-5.680476393227428389e+02
1.534074862068696454e+01
6.491983555822081087e+01
-2.459919962355232030e+02
-2.621291109732978839e+02
1.597947813891409510e+02
6.327500372832965780e+01
-2.866793585739332073e+01
-1.992208368276196495e+01
-1.245188767927540852e+01
-5.028904540857433858e+02
7.482268393309318810e+01
1.416477163185949735e+02
-2.792313148824861173e+02
-9.973112389782190235e+01
2.184861423009861312e+02
1.551164571602168678e+02
-6.281986302310937020e+01
-6.768907127762805942e+01
-6.968283890895625632e+01
-4.592926069957975415e+02
9.652929950189178498e+01
1.644570815369246759e+02
-3.163733640070735191e+02
1.893181318124953094e+01
2.378970066595604749e+02
2.020149671798677957e+02
-7.388389354776646201e+01
-9.912658208330958587e+01
-1.169643087392740313e+02
-4.274590909841347752e+02
9.579701381538815497e+01
1.724961162503107062e+02
-2.845346456351939537e+02
6.459115434564156999e+01
2.414471806415710944e+02
2.104587422112410309e+02
-9.640703304176530253e+01
-1.246466773748855701e+02
-1.390741999289455748e+02
-4.274590909841347752e+02
9.579701381538815497e+01
1.724961162503107062e+02
-2.845346456351939537e+02
6.459115434564156999e+01
2.414471806415710944e+02
2.104587422112410309e+02
-9.640703304176528832e+01
-1.246466773748855559e+02
-1.390741999289456032e+02
-3.896817772231173080e+02
1.014043553034152296e+02
1.795050734525187011e+02
-2.575163185087637885e+02
9.560198496607823415e+01
2.566480009858833000e+02
2.130587045785252940e+02
-9.530095667999637499e+01
-1.287250897510953394e+02
-1.612865653144205567e+02
-3.648116107837719824e+02
1.002950253755538199e+02
1.995009042555143708e+02
-2.144109870945625858e+02
1.206397728354220078e+02
2.707146406745381455e+02
2.115102140794036529e+02
-1.082505754217635854e+02
-1.471983209500558303e+02
-1.703508563684784747e+02
-3.379297487499491126e+02
1.000277709488122468e+02
2.068342599619713553e+02
-1.916887383199799046e+02
1.622342301949780676e+02
2.774206441310597029e+02
2.146716103026659823e+02
-1.114970151854754903e+02
-1.547408586562406754e+02
-1.651400533744617007e+02
-3.148405736267475845e+02
1.009336878528178403e+02
2.170186203714312967e+02
-1.626861140331254774e+02
1.752287622212258498e+02
2.863840727765747260e+02
2.150570301648855605e+02
-9.266335578249729110e+01
-1.572912905611973997e+02
-1.683047384228357544e+02
-3.036697503013204482e+02
1.133109366970004288e+02
2.219190736087413711e+02
-1.380447758469137796e+02
1.484903754363078008e+02
3.013435416813006782e+02
2.344031022113653933e+02
-6.556533680357811988e+01
-1.395889150437367334e+02
-1.340530620779625224e+02
-3.036697503013204482e+02
1.133109366970004288e+02
2.219190736087413711e+02
-1.380447758469137796e+02
1.484903754363078008e+02
3.013435416813006782e+02
2.344031022113653933e+02
-6.556533680357811988e+01
-1.395889150437367334e+02
-1.340530620779625224e+02
-2.724690613132268027e+02
9.990315599559669124e+01
2.298750636537549212e+02
-1.022126170864777919e+02
1.626449646033000533e+02
2.877314180613514623e+02
1.958803003561222340e+02
-7.112845574603545629e+01
-1.574148097927448475e+02
-1.423328534284659099e+02
-2.551577458443600221e+02
6.659581541363976953e+01
2.317271883588319952e+02
-5.191968733679403414e+01
2.125055596051988402e+02
2.703155878120650755e+02
1.887232070223627716e+02
-5.490136534872787166e+01
-1.679851079752738769e+02
-1.518722950670945693e+02
-2.176922242255134563e+02
1.600725322670282580e+01
2.154262861420350816e+02
-1.475905991389920224e+01
1.859994168882971053e+02
2.821565772766954296e+02
1.705876280053030598e+02
-5.803017891595446542e+01
-2.235677814199600562e+02
-1.013734760748548922e+02
-2.283856111215013129e+02
7.093277487608407483e+00
2.056579427173731744e+02
7.904077197075044126e+01
1.236070302474804095e+02
2.805022848474861235e+02
1.180761209101256384e+02
-1.015960598794814302e+02
-2.386188878565945686e+02
-8.262256932178303259e+01
-2.429100673837538125e+02
3.398478418259318090e+01
2.384954140040692323e+02
1.744780450892099566e+02
6.905051380905732117e+01
2.902032376772498310e+02
5.802811921613497503e+01
-1.326344899442519534e+02
-1.872699282053476963e+02
-8.810060696503811073e+01
-2.429100673837538125e+02
3.398478418259318090e+01
2.384954140040692323e+02
1.744780450892099566e+02
6.905051380905732117e+01
2.902032376772498310e+02
5.802811921613497503e+01
-1.326344899442519534e+02
-1.872699282053476963e+02
-8.810060696503811073e+01
-2.144788931627743978e+02
8.806307310740507432e+00
2.502959076283244997e+02
1.680504612722672277e+02
8.093023387998213991e+01
2.902589668475624194e+02
5.698428360231066137e+01
-1.320120276169731142e+02
-1.653296098883279797e+02
-1.233065470062283993e+02
-1.974529958994189371e+02
2.732696196569543545e+01
2.514293710833642876e+02
1.590728006397226864e+02
5.950650937503679927e+01
2.986278074201530330e+02
6.589132629834192301e+01
-6.498428990645514602e+01
-2.031915316875041242e+02
-8.024927609072526025e+01
-1.302561297947561911e+02
3.573574098750710704e+01
2.663092680424905438e+02
1.501511840893311671e+02
5.958328841374517992e+01
3.039124982487982152e+02
2.789850275398088897e+01
1.486827255437405348e+01
-2.815560027932614844e+02
-3.233003035800568625e+01
-3.221765295367153499e+02
4.230762445465460928e+02
9.598653094109812400e+01
1.127280102848667269e+02
6.353647931266671378e+01
2.436777793660667157e+02
-1.737207357977989943e+02
-2.000011432569820329e+02
-6.074978121924223018e+01
-1.009372903378654058e+02
-4.459067306615661437e+02
5.785148310294802059e+02
-7.644415210240440217e+01
-3.863580841249973474e+00
-2.104516114663127979e+01
3.118165553990941703e+02
-1.218775729662739735e+02
-8.175996857674648766e+01
-4.467720646739435608e+01
-1.516052577672390385e+02
-4.459067306615661437e+02
5.785148310294802059e+02
-7.644415210240440217e+01
-3.863580841249973474e+00
-2.104516114663127979e+01
3.118165553990941703e+02
-1.218775729662739735e+02
-8.175996857674648766e+01
-4.467720646739435608e+01
-1.516052577672390385e+02
-5.216571267902156706e+02
6.448314902019246802e+02
-5.705456914785551703e+01
5.826341255718248391e+01
-3.233703092849408733e+01
2.403835354180338584e+02
1.287294959758676249e+01
2.539386978545925544e+00
-4.861589022806685989e+01
-1.173960948100199602e+02
-5.941406188950028309e+02
6.862061672114656403e+02
-6.797568595020020155e+01
1.511675601447341535e+02
-3.124851975224651568e+01
1.902881028313078957e+02
7.210306043928909503e+01
4.692352878153597118e+01
1.413684890970514374e+01
-7.689658408831405723e+01
-6.078205723459813044e+02
7.172076409177107053e+02
-5.244187977399032974e+01
1.973089622943493850e+02
-6.380415457346199304e+01
1.605159193134365125e+02
1.150781212095389350e+02
7.474491638049563846e+01
3.905133440496643971e+01
-4.295851942951649249e+01
-5.973483236267618395e+02
7.226570876731943827e+02
-9.476354552906214224e+01
1.660653767955988940e+02
-5.785673883872121337e+01
1.389425765220737787e+02
1.112058597909291109e+02
9.415904063055040751e+01
5.124392683657251268e+01
-6.846194413376822752e+01
-5.884715869798041012e+02
7.311729871436290296e+02
-8.811302046814482480e+01
1.775595268988295459e+02
-5.441781501337784022e+01
1.282922670958475067e+02
1.186648176072048244e+02
9.980133753712891576e+01
5.092991291001062137e+01
-7.663455398197376667e+01
-5.884715869798041012e+02
7.311729871436290296e+02
-8.811302046814482480e+01
1.775595268988295459e+02
-5.441781501337784022e+01
1.282922670958475067e+02
1.186648176072048244e+02
9.980133753712891576e+01
5.092991291001062137e+01
-7.663455398197376667e+01
-5.611407925357246995e+02
7.326211990476158462e+02
-8.552239221954191351e+01
1.752886452342879409e+02
-5.260141573636169454e+01
1.150696387425559948e+02
1.151973894183477540e+02
1.078813207068431979e+02
5.772042907377606014e+01
-7.678781189749700786e+01
-5.285657875336123652e+02
7.330673208342770977e+02
-9.709610781257630663e+01
1.730649855823944279e+02
-4.879106627249785078e+01
1.174766930668312455e+02
1.031141036777604256e+02
9.404549536467625614e+01
7.063309871963993203e+01
-7.620357102439011499e+01
-5.081679734566798174e+02
7.118866336941475765e+02
-1.081262649105142657e+02
1.746007437708964574e+02
-5.034498335816953585e+01
1.129896693343781493e+02
8.098017710000208069e+01
9.569774377294886847e+01
9.702684942841555937e+01
-8.321223365075773870e+01
-4.917836560700345103e+02
7.013765326364255088e+02
-1.075824210768296609e+02
1.773347962781545561e+02
-5.157013128084621911e+01
1.027765960097716800e+02
6.708094714008363724e+01
9.016009291872464360e+01
1.054397939936735185e+02
-8.334036437422766141e+01
-4.917836560700345103e+02
7.013765326364255088e+02
-1.075824210768296609e+02
1.773347962781545561e+02
-5.157013128084621911e+01
1.027765960097716800e+02
6.708094714008363724e+01
9.016009291872464360e+01
1.054397939936735185e+02
-8.334036437422766141e+01
-4.647726423217440583e+02
6.689456420788176274e+02
-1.118197030883866603e+02
1.836388491023585630e+02
-6.726228138276874802e+01
8.956725880463349654e+01
2.675107046069887673e+01
1.016043447060052074e+02
1.225468628732853489e+02
-9.199966614814401566e+01
-4.465294552326739677e+02
5.794795949832916904e+02
-1.287706167374717268e+02
1.683061568675114756e+02
-1.082777422023266922e+02
5.371618037583183281e+01
-6.962933704477553931e+01
1.648821769004495366e+02
1.784725157214932096e+02
-1.163431345135233954e+02
-4.454417551433370477e+02
4.623066591588260508e+02
-1.425955184662542194e+02
1.706726178731907453e+02
-1.141328158908421813e+02
-3.124151688800957061e+01
-1.587382162266645764e+02
2.227899099334127584e+02
2.622359603702207664e+02
-1.228158646623959953e+02
-3.851098445180850831e+02
2.956336221511616031e+02
-1.120789149587670437e+02
1.779461330344745988e+02
-9.108379559605343445e+01
-4.626386587144348539e+01
-1.677242477638883713e+02
2.833701607806326024e+02
2.719067791326457950e+02
-1.472788913057880222e+02
-2.581024052673106439e+02
8.759194954158698465e+01
-5.790439253992426671e+01
1.755721705618349517e+02
-1.073392220558284578e+02
-4.601528407546140187e+01
-1.561777916945112850e+02
3.717689123282593187e+02
2.420329807708816645e+02
-1.606796008235265845e+02
-2.581024052673106439e+02
8.759194954158698465e+01
-5.790439253992426671e+01
1.755721705618349517e+02
-1.073392220558284578e+02
-4.601528407546140187e+01
-1.561777916945112850e+02
3.717689123282593187e+02
2.420329807708816645e+02
-1.606796008235265845e+02
-1.409233411721370715e+02
-6.749552692095005568e+01
-1.006912766572194862e+01
1.897253156248267771e+02
-9.122084262048672088e+01
-5.749029214391930509e+01
-1.836990984181962290e+02
4.377577394356775358e+02
1.579436159833173008e+02
-1.346317973441185813e+02
-5.089025521186560752e+01
-1.715687240216423675e+02
1.694317156828344295e+01
1.902769462124750532e+02
-5.640052123159889419e+01
-3.580193067169714283e+01
-2.583941185357492145e+02
4.677702520884718069e+02
7.331658754839871506e+01
-1.052009055620439852e+02
3.231397247593379429e+00
-1.704493035138152948e+02
2.026350582637650533e+01
1.799685202195168472e+02
-3.436902732013602701e+01
-1.482880941663833596e+01
-3.259720849959217048e+02
4.583540948443431375e+02
-1.779439330408169084e+01
-9.435361302812135875e+01
6.342681779417285171e+00
-7.026989155113852803e+01
5.276504801026545977e+01
1.641559780061159302e+02
-7.965827535880052324e+01
4.214759261594385720e+01
-2.908069154880985820e+02
4.191850962240685590e+02
-7.722853661029537875e+01
-1.029160006543038861e+02
-3.638563065184635015e+00
-1.699792038297247032e+01
6.651316437039875495e+01
1.435167735022963029e+02
-1.839786437498120506e+02
1.230822210049326628e+02
-1.963630247492588126e+02
3.451255865255726576e+02
-8.035120588274655518e+01
-1.037188748592938339e+02
-3.638563065184635015e+00
-1.699792038297247032e+01
6.651316437039875495e+01
1.435167735022963029e+02
-1.839786437498120506e+02
1.230822210049326628e+02
-1.963630247492588126e+02
3.451255865255726576e+02
-8.035120588274655518e+01
-1.037188748592938339e+02
-2.470381776642652483e+01
-3.287497922212490664e+01
6.234607896115888082e+01
2.375491994232170612e+02
-1.335986763433160434e+02
8.469658252668047282e+01
-1.895641806492690762e+02
2.323632829667989483e+02
-1.615912095675435864e+02
-1.149356036891978903e+02
3.875119153155068830e+01
-1.305732798402350738e+02
4.944795626382489218e+01
2.707016638881401036e+02
-7.329072600952382288e+01
1.178806240562648213e+02
-2.661539128602825599e+02
1.000175254163432896e+02
-2.367717138288044225e+02
-1.573930596861854383e+02
3.458235253847335855e+01
-1.894615292497969108e+02
2.955073245648411628e+01
2.676685958147335214e+02
-9.904182277230266607e+01
8.040437708651549542e+01
-3.178273083558981966e+02
7.511344533314691319e+01
-2.461283807763995242e+02
-1.147445653031888497e+02
1.060464952717170561e+01
-2.569191613851024840e+02
-2.538401112299869311e+01
2.613170385166894789e+02
-1.381471804520757019e+02
6.761697987206954963e+01
-2.922967845770035069e+02
7.584583380559637078e+01
-2.691831604544091761e+02
-5.225044707656028464e+01
-1.227948026539540827e+01
-3.444823032993958805e+02
-6.750200025583235686e+01
3.030606225823325417e+02
-1.314001399505054906e+02
9.237761256262756149e+01
-2.498372314519959616e+02
2.095241792270778092e+01
-2.718609416668408585e+02
-2.740284661717276293e+01
-1.227948026539540827e+01
-3.444823032993958805e+02
-6.750200025583235686e+01
3.030606225823325417e+02
-1.314001399505054906e+02
9.237761256262756149e+01
-2.498372314519959616e+02
2.095241792270778092e+01
-2.718609416668408585e+02
-2.740284661717276293e+01
-4.157307299306930304e+01
-3.717683310187137522e+02
-7.542681259251939707e+01
3.338755603866897559e+02
-7.630471682162226443e+01
7.472661405768155873e+01
-2.053556340008509267e+02
-2.207582142134201675e+01
-2.174929669646840580e+02
7.065805994541618418e+01
5.794782305289422730e+00
-3.835871385583491815e+02
-7.285430231051373084e+01
3.419883979184788245e+02
-2.800147685745265491e+01
4.488585937641961721e+01
-1.461823496908641573e+02
-1.110708750402496463e+02
-1.956855892506829377e+02
1.881177106558581329e+02
6.582945606597571953e+01
-3.530422099203018433e+02
-9.661635818444615609e+01
3.304554004751934144e+02
-8.930610349099231371e+01
5.273460251638822172e+01
-1.208771589401386848e+02
-2.037867956352075396e+02
-1.587212943367111677e+02
2.421719840658089140e+02
1.244864003819512988e+02
-2.965710715226786647e+02
-4.749473977550209014e+01
3.906749476986461787e+02
-1.712208413564353293e+02
-5.304325367965359561e+01
-2.965041368829527002e+01
-2.501790801144780971e+02
-2.073479353144133199e+02
2.418700628603446035e+02
-7.660378399551115081e+01
-4.031192973013523897e+02
-1.142861247130763900e+02
5.559578003788400338e+02
-2.494572509910161386e+02
-2.223848814445942708e+02
9.738370848544737157e+01
-6.330424437275728877e+01
-2.780889833514158909e+02
1.295655883960048129e+02
-7.660378399551115081e+01
-4.031192973013523897e+02
-1.142861247130763900e+02
5.559578003788400338e+02
-2.494572509910161386e+02
-2.223848814445942708e+02
9.738370848544737157e+01
-6.330424437275728877e+01
-2.780889833514158909e+02
1.295655883960048129e+02
-2.385821789615512216e+02
-4.798989683869316991e+02
-2.508801799759083337e+02
6.646671364104465738e+02
-2.028001249179437764e+02
-1.951868362809385360e+02
7.825578680135352272e+01
7.991199336806620579e+01
-1.631963230567180290e+02
1.009761792139209433e+02
-3.371524583109044215e+02
-5.089877850346974242e+02
-3.624627540928099734e+02
7.303331354538597679e+02
-9.636073214551980470e+01
-5.973873259220176379e+01
7.447140269815075442e+01
2.195778759094953330e+02
-1.015960156984938578e+02
1.193444798297345386e+02
-4.409987740288628402e+02
-5.372457888262141523e+02
-3.210159213063831203e+02
6.424054499245555689e+02
3.459723268979898592e+01
2.599029522228159905e+01
1.243674773704631633e+02
2.568902150936830253e+02
-3.789098604918104485e+01
2.171566427601573253e+02
-5.391434930599681365e+02
-5.179035967769236777e+02
-2.722975720788672902e+02
4.670110645680198331e+02
9.139460002674768191e+01
1.261209609623305141e+02
2.692089243069875693e+02
3.037440930158668948e+02
1.139790804015436123e+02
3.680344352068157150e+02
-6.363878974392679311e+02
-5.670855074830579952e+02
-2.108466101583589136e+02
3.167894672308855775e+02
9.697852180621110563e+01
1.819601691406031989e+02
3.386157668200020225e+02
2.462269707490274868e+02
1.354196783637474653e+02
3.340995129824180481e+02
-6.363878974392679311e+02
-5.670855074830579952e+02
-2.108466101583589136e+02
3.167894672308855775e+02
9.697852180621110563e+01
1.819601691406031989e+02
3.386157668200020225e+02
2.462269707490274868e+02
1.354196783637474653e+02
3.340995129824180481e+02
-8.056622705623032061e+02
-6.648817432329730082e+02
-2.596877888281129643e+01
1.745874751552501607e+02
-1.389912640938509547e+01
1.517333373316196798e+02
3.471017751026370775e+02
1.471308623695655058e+02
5.860676321351147067e+01
2.197906350161953242e+02
-1.000163353305941882e+03
-6.884758144911688760e+02
2.125505306769790366e+02
6.435116446625539766e+01
-9.542832453469137022e+01
2.120600161448856014e+01
2.750658371272973568e+02
8.202107895065569210e+01
5.554029733110911593e+01
1.591392989279969470e+02
-1.046831830514740432e+03
-6.630402573515451650e+02
2.493943246978861907e+02
4.615046110067288510e+01
-7.416847238474211679e+01
-4.339395317455911538e+01
2.476152462366125917e+02
4.978360341960006252e+01
1.035044852993824236e+02
8.379125672554525295e+01
-1.059612471126556329e+03
-6.164266889963421363e+02
2.370959439224010623e+02
4.646064403181358671e+01
-6.963611565056859831e+01
-6.359367229107710529e+01
2.456282281295762289e+02
3.137854610502937902e+01
1.395265504780974481e+02
1.972228982855838808e+01
-1.059612471126556329e+03
-6.164266889963421363e+02
2.370959439224010623e+02
4.646064403181358671e+01
-6.963611565056859831e+01
-6.359367229107710529e+01
2.456282281295762289e+02
3.137854610502937902e+01
1.395265504780974481e+02
1.972228982855838808e+01
-1.079553296067776046e+03
-5.688325672198590155e+02
2.512006367876137176e+02
1.238070345452963927e+01
-1.054379036694439122e+02
-3.877607292359781610e+01
2.653611283545923811e+02
2.127299111985667324e+01
1.945123327904281894e+02
-3.557495941898363712e-01
-1.089873697893454164e+03
-5.436356063987591369e+02
2.579454644435086834e+02
-5.062601497176154375e+00
-9.461996206571836865e+01
-3.863133567281023772e+01
2.494206276544498166e+02
2.435581009809235642e+00
2.236100224569539705e+02
-2.456122765530487939e+01
-1.117175497459877306e+03
-5.192821711505833946e+02
2.653562287269477338e+02
3.182702720082274439e+01
-4.661367345382119964e+01
-6.051867791306462863e+01
1.824577718489761082e+02
-4.056508182332569135e+01
2.293646120390634735e+02
-5.484886586752068638e+01
-1.113705939796054736e+03
-5.451303721008317780e+02
2.798339901682738287e+02
1.449400608710086260e+02
6.797038330941774120e+01
-1.226419197819848534e+02
8.337656109210549005e+01
-1.265800057926620212e+02
1.921482157782131424e+02
-1.142793204569642143e+02
-1.125423384956233804e+03
-5.172214417037052954e+02
2.875924001290594560e+02
1.390987390653190232e+02
6.970766002719788901e+01
-1.240498449809452381e+02
8.293841062337645553e+01
-1.512219334178328722e+02
2.204830238938633897e+02
-1.153778363857354918e+02
-1.125423384956233804e+03
-5.172214417037052954e+02
2.875924001290594560e+02
1.390987390653190232e+02
6.970766002719788901e+01
-1.240498449809452381e+02
8.293841062337645553e+01
-1.512219334178328722e+02
2.204830238938633897e+02
-1.153778363857354918e+02
-1.129352839331768337e+03
-4.901568660990237163e+02
3.016959557279845399e+02
1.479043556558410160e+02
9.375232210772749397e+01
-1.356825702327842009e+02
3.737929070872097270e+01
-1.498589687124883767e+02
2.245064397171677228e+02
-1.286762182009566118e+02
-1.136849921972878292e+03
-4.367650820366710605e+02
2.980261200999729567e+02
1.691985339841990310e+02
1.178635322093192599e+02
-1.375257489996857316e+02
1.237189460422325737e+01
-1.686811392326273165e+02
2.161687427381564532e+02
-1.258145978889997849e+02
-1.154596090141970762e+03
-3.659351294048558429e+02
2.956862624406700206e+02
1.880022172273056640e+02
1.280480793320012651e+02
-1.399120309256687733e+02
-2.537077108901782196e+01
-1.930442658130681082e+02
1.993976203896115180e+02
-1.102810736113601280e+02
-1.164552398361068299e+03
-3.132477444097664829e+02
2.989155630069624294e+02
2.001737772665529178e+02
1.307865217408562444e+02
-1.309403092063150780e+02
-4.972552331874305054e+01
-2.121999343192180447e+02
1.805796724129955351e+02
-1.027698624514358130e+02
-1.166792851395040543e+03
-2.641773074585032646e+02
2.935716772458928290e+02
1.953816155120073006e+02
1.135978748392489734e+02
-9.996240936472518968e+01
-4.216166668651483462e+01
-2.158580459894475325e+02
1.695373291578065107e+02
-8.160696546755892200e+01
-1.166792851395040543e+03
-2.641773074585032646e+02
2.935716772458928290e+02
1.953816155120073006e+02
1.135978748392489734e+02
-9.996240936472518968e+01
-4.216166668651483462e+01
-2.158580459894475325e+02
1.695373291578065107e+02
-8.160696546755892200e+01
-1.177958236810189874e+03
-1.924732638988826920e+02
2.699070648987909635e+02
1.788935397105333607e+02
9.480686919976518823e+01
-6.186077652395772475e+01
-3.976168808103790298e+01
-1.994243705155415114e+02
1.667698746622063481e+02
-4.356830984480103552e+01
-1.187070485286851635e+03
-1.612933113858304637e+02
2.490503979707210647e+02
2.123766553765869673e+02
1.298007411019492849e+02
-7.850187836773831407e+01
-1.015483026172060192e+02
-2.088715477263764910e+02
1.193059704610662521e+02
-2.874804950838032624e+01
-1.197060735333319599e+03
-1.446443839389705204e+02
2.332824063985042358e+02
2.341029363001775323e+02
1.641761335365928005e+02
-9.909325562877332061e+01
-1.498578368928654356e+02
-2.197300271693812022e+02
7.739622223102379905e+01
-2.035502135671388046e+01
-1.194306142557360545e+03
-1.041774148244472684e+02
2.125956150436755365e+02
2.399109057061335193e+02
1.825456364373909253e+02
-1.060590771331000042e+02
-1.843435722205968545e+02
-2.254389957605839072e+02
4.660187294559835891e+01
-1.346530682467296103e+01
-1.198959398162670595e+03
-6.877507875804074899e+01
1.881865633053831743e+02
2.259080392462472275e+02
1.895329694345674909e+02
-1.071358097116006434e+02
-1.930846597041846451e+02
-2.161797303408640687e+02
1.850528891839267231e+01
5.566675004227217283e-01
-1.198959398162670595e+03
-6.877507875804074899e+01
1.881865633053831743e+02
2.259080392462472275e+02
1.895329694345674909e+02
-1.071358097116006434e+02
-1.930846597041846451e+02
-2.161797303408640687e+02
1.850528891839267231e+01
5.566675004227217283e-01
-1.199682288699151513e+03
-2.767978664086197682e+01
1.713214031267964970e+02
2.130418194903821245e+02
1.841376600845461837e+02
-9.516296760338185834e+01
-1.938227013775526189e+02
-1.951284438383950146e+02
-9.636500420635012887e+00
2.878817147037488766e+01
-1.191617186588640834e+03
-1.537753147813045285e+00
1.614808032048166808e+02
2.199409644088938762e+02
1.913681782352932146e+02
-9.557980776493289454e+01
-2.034061103313419210e+02
-1.800417038470901900e+02
-4.628081164459891284e+01
3.759838616119749588e+01
-1.183343550214843162e+03
2.707713396853622712e+01
1.460740711952620927e+02
2.175154057646809633e+02
2.032056730929396053e+02
-1.069957430887697427e+02
-2.046042105602982417e+02
-1.610325107870706915e+02
-8.794124294055058044e+01
3.729661620949313772e+01
-1.174446002421975436e+03
5.055120035026567393e+01
1.186855380842849996e+02
1.878709449044102371e+02
2.203628235753080560e+02
-1.303518753124904492e+02
-1.909308571065297713e+02
-1.430659681880387097e+02
-1.191563126574248912e+02
4.147708801052062455e+01
-1.161138734516145632e+03
7.529335500275519166e+01
7.445612889169028392e+01
1.443163234602499188e+02
2.296284216626891066e+02
-1.473663608727657675e+02
-1.662844191197128225e+02
-1.289352555800879259e+02
-1.510080987771920888e+02
4.334937912054562048e+01
-1.161138734516145632e+03
7.529335500275519166e+01
7.445612889169028392e+01
1.443163234602499188e+02
2.296284216626891066e+02
-1.473663608727657675e+02
-1.662844191197128225e+02
-1.289352555800879259e+02
-1.510080987771920888e+02
4.334937912054562048e+01
-1.146300674229697051e+03
1.435364137331135623e+02
2.816228454592945951e+01
5.979049621273522064e+01
1.737347957946129782e+02
-9.617425367606220732e+01
-9.037098734396776933e+01
-8.577423563794761208e+01
-1.288020776446909679e+02
3.414797427103667360e+01
-1.131371832603449320e+03
2.163680104749571456e+02
-2.045432946399348140e+01
-2.203925184045617058e+01
1.291822576252831425e+02
-7.691451273047364623e+01
-3.817641441883125708e+01
-5.171318203354470455e+01
-1.228951760522369341e+02
6.261365357137536591e+01
-1.125296487701758906e+03
2.464176512727028410e+02
-7.355027526662824755e+01
-7.156081206094413005e+01
1.031871261094230761e+02
-6.110093232542207176e+01
-1.807107626959500557e+00
-2.941366542733378608e+01
-1.135529806083376769e+02
8.639824964721162814e+01
-1.094554983606644782e+03
2.705996481863595591e+02
-1.387196246040358005e+02
-9.093622933749661286e+01
9.214835876016549321e+01
-5.083592178816826390e+01
2.702648982507867359e+01
-8.458150837263865185e+00
-1.072083991303948949e+02
9.655548864767445139e+01
-1.077678632578016959e+03
2.816627388895419131e+02
-1.567809631436933273e+02
-1.084422848186829640e+02
8.939772396543902744e+01
-4.833077403046001308e+01
3.893745654439556603e+01
1.165885442686891205e+00
-1.024602111330239893e+02
1.075070881786359394e+02
-1.077678632578016959e+03
2.816627388895419131e+02
-1.567809631436933273e+02
-1.084422848186829640e+02
8.939772396543902744e+01
-4.833077403046001308e+01
3.893745654439556603e+01
1.165885442686891205e+00
-1.024602111330239893e+02
1.075070881786359394e+02
-1.092884785508568712e+03
2.716110908034340241e+02
-1.223147986160110321e+02
-1.209828241383286667e+02
8.810752590619219404e+01
-7.280797033923950323e+01
2.387962371899696734e+01
-1.164722744450541470e+01
-1.172965105440317188e+02
1.193593073944848300e+02
-1.102172386779126782e+03
2.362616613199211315e+02
-1.074156318226267643e+02
-8.971790688648276557e+01
1.429626703310164828e+02
-1.252473440584078048e+02
-2.050206581965035468e+01
-4.034694474445498713e+01
-1.489775192584917534e+02
1.153507328041056184e+02
-1.076180492419648317e+03
2.044482260466203343e+02
-1.010032720374302215e+02
-4.222291967794758705e+01
1.990533756874752953e+02
-1.561470367212073427e+02
-6.338509986807468977e+01
-6.492329751716940223e+01
-1.692002237970828560e+02
8.822811065514973450e+01
-1.055380599720308282e+03
1.976151713432591066e+02
-1.038219963656362523e+02
-3.673170866083043506e+01
2.182159740095461586e+02
-1.789223523406298852e+02
-7.427523988778784769e+01
-8.016293054826634545e+01
-1.791011166947909317e+02
7.895939818473712535e+01
-1.055380599720308282e+03
1.976151713432591066e+02
-1.038219963656362523e+02
-3.673170866083043506e+01
2.182159740095461586e+02
-1.789223523406298852e+02
-7.427523988778784769e+01
-8.016293054826634545e+01
-1.791011166947909317e+02
7.895939818473712535e+01
-1.040750287989323624e+03
1.951153270385441942e+02
-1.130117622553849088e+02
-4.376036828067462636e+01
2.115022536558951742e+02
-1.783680233584648533e+02
-5.596306293872347482e+01
-6.674247616013705908e+01
-1.723680050161648865e+02
9.391374724398943385e+01
-1.016461512379117380e+03
1.989929861922375380e+02
-1.255989068776291617e+02
-4.905865342462674761e+01
2.010859969611173028e+02
-1.762649142711369166e+02
-4.850318767373128281e+01
-5.344860008030705956e+01
-1.666365230606976979e+02
1.046306091424179527e+02
-9.853730716773153517e+02
2.052270377154760865e+02
-1.370284989450165369e+02
-5.577471831547033787e+01
1.844457357709889607e+02
-1.700166107879050514e+02
-3.440059409541144930e+01
-3.428802129055524262e+01
-1.529871349533089244e+02
1.167534239167665930e+02
-9.540841418297547989e+02
2.082623719836999499e+02
-1.423630680665603450e+02
-5.791276713060877768e+01
1.678977860202140562e+02
-1.639671925357504847e+02
-2.484792542440274232e+01
-2.165145149213266151e+01
-1.383290971609089866e+02
1.229987273668869960e+02
-9.240024025328328889e+02
2.147993881048807054e+02
-1.495773249601211887e+02
-6.330863648534615606e+01
1.500042787597166694e+02
-1.654615861121176863e+02
-6.464196201291222188e+00
-1.054295851769612113e+01
-1.193692864122610047e+02
1.244954514791448474e+02
-9.240024025328328889e+02
2.147993881048807054e+02
-1.495773249601211887e+02
-6.330863648534615606e+01
1.500042787597166694e+02
-1.654615861121176863e+02
-6.464196201291222188e+00
-1.054295851769612113e+01
-1.193692864122610047e+02
1.244954514791448474e+02
-8.834020165068792494e+02
2.186063633782676163e+02
-1.585257292891397753e+02
-7.250402045606837476e+01
1.222571675109441287e+02
-1.663420271379645214e+02
9.711194922385601558e+00
1.756706006617400062e+00
-1.036108869577393961e+02
1.257287660128867941e+02
-8.505855541322428053e+02
2.174114347968068159e+02
-1.604066011414540753e+02
-8.493922952530266457e+01
9.261315275978900274e+01
-1.544036664846204019e+02
1.994941985317948152e+01
1.580586745026857187e+01
-9.265501316398791687e+01
1.283129315709352056e+02
-8.302041397936840212e+02
2.251536344633170188e+02
-1.557618816380256703e+02
-1.063244569630165017e+02
5.457310324775482258e+01
-1.288663847793587252e+02
3.671781272322660783e+01
3.466037239193226327e+01
-8.238265504853606558e+01
1.261959832706682505e+02
-7.544030029732989533e+02
2.755361767413693883e+02
-2.084531888281819647e+02
-8.008635677966132960e+01
-6.536556127421324902e+01
-1.264841379393727294e+02
5.318463077519469095e+01
9.495777876305463394e+01
-5.298928859696127347e+01
8.643803927920097863e+01
-6.618902873254997985e+02
2.909857098346741964e+02
-2.607593107260831857e+02
-1.162364915471529159e+01
-2.199286708163948276e+02
-1.669146810681959892e+02
1.207067996220618866e+01
1.221468998259049386e+02
-7.123811147516872211e+01
-2.315225666212599975e+01
-6.618902873254997985e+02
2.909857098346741964e+02
-2.607593107260831857e+02
-1.162364915471529159e+01
-2.199286708163948276e+02
-1.669146810681959892e+02
1.207067996220618866e+01
1.221468998259049386e+02
-7.123811147516872211e+01
-2.315225666212599975e+01
-5.902127614451364934e+02
2.793175355744462536e+02
-2.783940857079460898e+02
-1.387350887840196734e+01
-2.958592763309215457e+02
-1.721805796729933320e+02
8.409804721970916219e+00
8.892876531661926265e+01
-8.820158590937315068e+01
-8.208530090212096297e+01
-5.355834743044929382e+02
2.877675400801508658e+02
-2.690792264740077826e+02
-2.759887936107999806e+01
-3.340046728324876426e+02
-2.106526605691787495e+02
3.476765480327104996e+01
5.006829784780497050e+01
-9.088225746016654227e+01
-6.883579105544453114e+01
-4.912186005498067516e+02
2.922788993545581206e+02
-2.588820307665166069e+02
-5.592044433756607447e+01
-3.428461377960581444e+02
-2.449841747913951906e+02
5.782334003552661272e+01
3.575755299719831015e+01
-8.555195447636232586e+01
-4.593851709313585019e+01
-4.523189819810719428e+02
2.868708220874703443e+02
-2.507833294056968327e+02
-7.190022748333493041e+01
-3.524523801267757221e+02
-2.601087098564236726e+02
6.834985058463563234e+01
2.278860692093009632e+01
-8.002035534987685139e+01
-3.410117204036779981e+01
-3.887596133751085290e+02
2.741935579074888096e+02
-2.588323111469800892e+02
-8.251054182629349043e+01
-3.557934015863077661e+02
-2.688215843940723175e+02
7.737657267359904267e+01
1.164278232470304886e+01
-8.813543473688849872e+01
-2.651362306095483845e+01
-3.887596133751085290e+02
2.741935579074888096e+02
-2.588323111469800892e+02
-8.251054182629349043e+01
-3.557934015863077661e+02
-2.688215843940723175e+02
7.737657267359904267e+01
1.164278232470304886e+01
-8.813543473688849872e+01
-2.651362306095483845e+01
-3.139604898981802421e+02
2.731280252831716098e+02
-3.231902492314574715e+02
-7.028534207921379107e+01
-3.556536542532538192e+02
-2.637355693571042252e+02
9.729372030515330039e+01
2.611745346536243062e+01
-1.072824835979748315e+02
-4.437471409565589653e+01
-2.344829988952072313e+02
2.590557686289313324e+02
-3.372342781172739024e+02
-7.407359220278418377e+01
-3.538085472310063437e+02
-2.706815934386498270e+02
1.212569221326485263e+02
1.142138466655570284e+01
-1.079486312377046886e+02
-5.063878688412484763e+01
-1.908883100549555536e+02
2.649049278301144454e+02
-3.468453990831580427e+02
-8.293166252545087502e+01
-3.350639666276754269e+02
-2.711535521080334092e+02
1.205837642899458046e+02
-1.486633444784336788e+00
-1.095409635276363929e+02
-5.356529607034885743e+01
-1.316329965093046326e+02
2.368691032676165378e+02
-3.370336408202688290e+02
-9.734053298269537891e+01
-3.225291949335551180e+02
-2.672485989249776139e+02
1.291842087766829934e+02
-1.975862826111148607e+01
-1.068130557046620339e+02
-6.659768763848698825e+01
-3.472552600786680443e+01
8.591129096478735505e+01
-2.831683489978753983e+02
-8.908969125532047428e+01
-3.255281573490753431e+02
-2.694302563988699717e+02
2.542645135931737457e+02
-2.707177391161090085e+01
-3.152430075448312508e+01
-1.523894471817936562e+02
-3.472552600786680443e+01
8.591129096478735505e+01
-2.831683489978753983e+02
-8.908969125532047428e+01
-3.255281573490753431e+02
-2.694302563988699717e+02
2.542645135931737457e+02
-2.707177391161090085e+01
-3.152430075448312508e+01
-1.523894471817936562e+02
7.656126047125157186e+01
-6.911967251936842160e+01
-2.601858591180217672e+02
-9.212414736422557837e+01
-3.212586832441631373e+02
-2.032887284493616562e+02
3.478244359341933887e+02
5.545022730879406936e+01
-6.037789163867523712e+01
-1.445886348014377631e+02
1.955488839974728705e+02
-2.050728814146849004e+02
-2.356171351698181127e+02
-8.410481352166007696e+01
-3.238474442875756836e+02
-1.490240955920306476e+02
3.395592535061967965e+02
1.314186286540384856e+02
-1.207551599743739246e+02
-1.150061393382071913e+02
3.006104745035083852e+02
-2.709983200496694735e+02
-2.179896446340398484e+02
-8.866907418701184440e+01
-3.284930168152976648e+02
-1.352340334817298526e+02
3.075386552943694483e+02
1.076997606435764823e+02
-1.734075770112968371e+02
-1.055180471082909861e+02
4.239173231765163337e+02
-3.279322912373729650e+02
-1.975397689066473959e+02
-1.041079726403998507e+02
-3.532681564924174040e+02
-1.063753011307328080e+02
2.416558154380424526e+02
6.718686819396187104e+01
-2.462134465913766803e+02
-1.012294947486701489e+02
4.239173231765163337e+02
-3.279322912373729650e+02
-1.975397689066473959e+02
-1.041079726403998507e+02
-3.532681564924174040e+02
-1.063753011307328080e+02
2.416558154380424526e+02
6.718686819396187104e+01
-2.462134465913766803e+02
-1.012294947486701489e+02
5.140964633647706705e+02
-3.481268984852356994e+02
-2.062362507778986185e+02
-1.496095946135190786e+02
-3.362616106027240903e+02
-7.040846384406553682e+01
1.429652608106467540e+02
-1.332195758328827750e+00
-2.581949564403079194e+02
-1.408251251263921802e+02
5.770065454625209895e+02
-3.544342631355378330e+02
-2.300529471115585523e+02
-1.912234104383472584e+02
-3.354138320894168714e+02
-2.436220933364736041e+01
5.243757542268453875e+01
-5.849001241802896800e+01
-2.064180656978315653e+02
-1.622179992440202909e+02
5.442107042163263486e+02
-2.871109909184907565e+02
-2.666984074099940472e+02
-2.038586005577428182e+02
-3.026004591110314550e+02
-2.902828880161503022e+01
-3.148080646459222010e+01
-1.898109631924804148e+02
-1.070400675748265087e+02
-1.940170000971137370e+02
5.223948649846569197e+02
-2.488403386360708112e+02
-2.802965283272142187e+02
-2.118314328895602046e+02
-2.801494900002939517e+02
-1.908568091071987993e+01
-3.668980050776185209e+01
-2.424671414516890877e+02
-4.986831968375372526e+01
-1.689030579180057998e+02
5.482814928471651683e+02
-2.712176991812567621e+02
-2.804892696119790685e+02
-2.182104771722106875e+02
-2.639177947375957274e+02
1.692570290161412672e+01
-3.227831946573913768e+01
-2.242369600574664332e+02
-2.519555288799089610e+01
-1.016449246871985679e+02
5.482814928471651683e+02
-2.712176991812567621e+02
-2.804892696119790685e+02
-2.182104771722106875e+02
-2.639177947375957274e+02
1.692570290161412672e+01
-3.227831946573913768e+01
-2.242369600574664332e+02
-2.519555288799089610e+01
-1.016449246871985679e+02
5.986400665590683730e+02
-3.073537135311833026e+02
-2.660799474137226639e+02
-2.379017768360542391e+02
-2.599144204720683433e+02
4.911213768199895213e+01
-5.571456808130544225e+00
-2.124510209149428306e+02
-3.395106008951325749e-01
-5.643071897802229842e+01
6.193644613334777205e+02
-3.422485600404137926e+02
-2.485067638045651108e+02
-2.520946683976723364e+02
-2.339788351626091867e+02
7.148929420399085188e+01
1.278109864665714923e+01
-2.157053213557108791e+02
1.978753051205151436e+01
-3.549849199865740701e+01
5.631344698493068108e+02
-3.418763064689563294e+02
-2.547437627787108170e+02
-2.467126456605772091e+02
-1.951965988909982741e+02
1.036454115012384278e+02
7.550369973924206057e+00
-1.935283151616224018e+02
5.227370057383753732e+01
-2.193444558831723512e+01
5.408609003896208378e+02
-3.494410261403481286e+02
-2.285749450595654082e+02
-2.132035725658068941e+02
-2.142183050243194771e+02
1.263355864913799849e+02
-5.237360416915637806e+00
-1.803267254875280230e+02
3.922726574065840310e+01
-2.461274167115368527e+01
5.295035444851564534e+02
-3.198173672630571787e+02
-2.234533571817521533e+02
-2.110514012301905495e+02
-2.221785772127898042e+02
1.089975687480327622e+02
8.620841570367204554e+00
-1.880609717231281479e+02
2.965224141367437483e+01
-9.666436941393085291e+00
5.295035444851564534e+02
-3.198173672630571787e+02
-2.234533571817521533e+02
-2.110514012301905495e+02
-2.221785772127898042e+02
1.089975687480327622e+02
8.620841570367204554e+00
-1.880609717231281479e+02
2.965224141367437483e+01
-9.666436941393085291e+00
5.315219788567991372e+02
-2.924397554934068353e+02
-2.488361345425966533e+02
-2.111107754081293422e+02
-2.119475624121397743e+02
1.092983624923455181e+02
-6.346679016434588760e+00
-1.703993485342490999e+02
1.440831065847136827e+01
-1.469259635511332984e+00
5.441902557798225644e+02
-2.746424768905870337e+02
-2.819805469248423719e+02
-1.938710549441273940e+02
-1.969362020243189022e+02
5.102465898505685971e+01
2.780257415786508091e+01
-1.858297025816731320e+02
4.217495152200172015e+01
2.925504622389939868e+01
5.601131551408329869e+02
-2.721670563470146931e+02
-2.807091912770499107e+02
-1.851123204743234112e+02
-2.193958808409367123e+02
3.091660753811134654e+01
7.162532813273612931e+01
-1.994941557621278889e+02
9.873178603975895840e+01
1.579720881229636120e+01
5.985291618999059438e+02
-3.073537544325205317e+02
-2.673214453369400303e+02
-1.844961342614864463e+02
-2.202647867241073243e+02
4.926560572043371877e+01
6.864227672809604996e+01
-2.011322821490583976e+02
1.082007383639662521e+02
2.822755457576114235e+00
6.248703416569860565e+02
-3.083482718704510717e+02
-2.333978066781596965e+02
-2.006429713679633551e+02
-1.749966389672043476e+02
4.180617480995543644e+01
7.528467805534853596e+01
-2.034527601345255334e+02
9.856657178597889413e+01
5.971721457472987993e+01
6.248703416569860565e+02
-3.083482718704510717e+02
-2.333978066781596965e+02
-2.006429713679633551e+02
-1.749966389672043476e+02
4.180617480995543644e+01
7.528467805534853596e+01
-2.034527601345255334e+02
9.856657178597889413e+01
5.971721457472987993e+01
6.166239968420193236e+02
-3.021331282620625984e+02
-2.338335889074489558e+02
-2.415287174773827985e+02
-6.957193967683046765e+01
3.698281225981974529e+01
4.319492947067609379e+01
-2.105725631321115543e+02
1.292683760175749512e+02
8.284484287747930864e+01
5.897889836382444173e+02
-3.314084115963784711e+02
-2.217686347717939555e+02
-2.646476461347077702e+02
-2.470526527187449872e+01
1.071173084082884372e+02
5.341237620224544003e+01
-1.296861795985563788e+02
1.014761905172025536e+02
1.292600463325706244e+02
5.448650135671496173e+02
-3.499008828948402083e+02
-2.166278461238478883e+02
-2.515272296974014523e+02
1.037238649410761049e+01
2.216344716165980344e+02
-3.760122852401787119e-01
-1.809037634788031212e+01
4.127457478443137262e+01
1.745522603539635611e+02
4.736247044216784730e+02
-3.718170639714413710e+02
-2.733508943325391556e+02
-2.269785906426894257e+02
2.104528612555975542e+01
3.135936886609518979e+02
-6.184472631372662477e+01
4.437063464607824415e+01
-3.747865772889328184e+01
1.433381032561982806e+02
4.708139103069343605e+02
-3.581970951405125447e+02
-3.091302136331536872e+02
-2.389060613875036267e+02
2.885154916183435958e+01
3.173959215296837897e+02
-1.151202803849598411e+02
4.320557972999738894e+01
-4.819005396931842711e+01
1.353555734945102245e+02
4.708139103069343605e+02
-3.581970951405125447e+02
-3.091302136331536872e+02
-2.389060613875036267e+02
2.885154916183435958e+01
3.173959215296837897e+02
-1.151202803849598411e+02
4.320557972999738894e+01
-4.819005396931842711e+01
1.353555734945102245e+02
4.073650414430319415e+02
-2.404057003070537064e+02
-3.599826369596551672e+02
-2.446056554933472285e+02
5.461263761815058615e+01
3.099924480336690635e+02
-2.199611493511083609e+02
3.216827782109898237e+01
-6.910751771245692510e+01
1.826232531655196567e+02
3.551269418856581979e+02
-1.518897341348825023e+02
-3.746759000760850995e+02
-2.390037420791586271e+02
6.638146218550514277e+01
2.575127181418577038e+02
-2.622101324667885365e+02
-2.864530692186652061e+01
-2.946236167188922295e+01
1.572878758451337262e+02
2.790393103447966610e+02
-6.394242240652089748e+01
-4.021057114327882118e+02
-2.350845896644356401e+02
8.034077966866004772e+01
1.910417942364288706e+02
-2.689580496864830934e+02
-1.233209181016689939e+02
5.974867000276940843e+01
6.831461946744532554e+01
1.973651524597450475e+02
-1.282440929581670019e+01
-4.168416399414128932e+02
-2.157008441856457353e+02
7.628906623464897052e+01
1.579257832863277997e+02
-2.013672147640207868e+02
-1.281933730571633703e+02
1.207602100857199190e+02
2.062664836338687735e+01
1.191969184278265885e+02
3.414377962478393158e+01
-4.260426764428826232e+02
-1.764392424185111850e+02
9.569907906216084825e+01
1.175025669138289288e+02
-1.355002384712101673e+02
-8.599440450650926948e+01
1.897779769920621504e+02
9.301134294328946339e+00
1.191969184278265885e+02
3.414377962478393158e+01
-4.260426764428826232e+02
-1.764392424185111850e+02
9.569907906216084825e+01
1.175025669138289288e+02
-1.355002384712101673e+02
-8.599440450650926948e+01
1.897779769920621504e+02
9.301134294328946339e+00
8.150640472952667892e+01
4.045807238605301848e+01
-4.389528434688356811e+02
-1.309807282125166807e+02
1.248702528456555001e+02
7.738829278497985342e+01
-9.337360686002166688e+01
-4.565770171922439147e+01
2.149600939582293506e+02
2.044042991005097321e+01
8.175425640192963783e+01
5.303463173029724231e+01
-4.427462985817341519e+02
-1.200721349540211236e+02
1.296798209567898823e+02
6.107661545140233272e+01
-8.057803248707135424e+01
-3.366345512976778309e+01
2.277078572749176431e+02
2.147315847256585641e+01
9.093184318246086661e+01
4.756362982351782165e+01
-4.453707452765129347e+02
-1.142643183847651756e+02
1.311087775675484295e+02
6.016867762272189424e+01
-7.140793566045155671e+01
-1.422545253049193903e+01
2.398150022277286268e+02
2.194077690193156727e+01
9.915811922442965454e+01
3.377460238917861091e+01
-4.426603201090531456e+02
-9.957010145473900309e+01
1.520302559808328908e+02
5.578818406620940351e+01
-6.045706479235673214e+01
1.194106883910373718e+01
2.430098130300727064e+02
2.534690264884827471e+01
9.915811922442965454e+01
3.377460238917861091e+01
-4.426603201090531456e+02
-9.957010145473900309e+01
1.520302559808328908e+02
5.578818406620940351e+01
-6.045706479235673214e+01
1.194106883910373718e+01
2.430098130300727064e+02
2.534690264884827471e+01
1.325667238858482335e+02
4.734659805149180833e+00
-4.221905653466929493e+02
-1.000406601488177500e+02
1.571558389173831074e+02
6.717040458258560420e+01
-4.202727436688290652e+01
3.449088863085612644e+01
2.233689303728872915e+02
3.292541503453619356e+01
1.785816551786182913e+02
-2.141173295789068831e+01
-4.116585118491863113e+02
-9.591508352745414356e+01
1.590457744699872933e+02
7.872632570655228790e+01
-4.855066782327768493e+01
8.131790298993847443e+01
1.676842889173595665e+02
7.083080275918503332e+01
2.100312583935613873e+02
-3.478185533226955783e+01
-4.141426491986902079e+02
-9.119206298331219784e+01
1.861769673284377973e+02
7.887142956631286950e+01
-7.847735637142645260e+01
9.429980671991627617e+01
1.250329346014905951e+02
7.905138022654611518e+01
2.112201389418790427e+02
-6.560862241179384569e+01
-4.112768241387906869e+02
-5.620309396227433751e+01
2.288677751870554005e+02
6.669896588768153833e+01
-1.043616975256424979e+02
7.876940110558274455e+01
9.327629392846348821e+01
5.951887202057847048e+01
1.952759681602947524e+02
-3.725933642800492862e+01
-4.122627573197821107e+02
-2.914327401493077829e+01
2.654976601056651475e+02
4.041341887325321380e+01
-1.651058506827275778e+02
4.422454527134269142e+01
6.878973401201599813e+01
3.730355694690592827e+01
1.952759681602947524e+02
-3.725933642800492862e+01
-4.122627573197821107e+02
-2.914327401493077829e+01
2.654976601056651475e+02
4.041341887325321380e+01
-1.651058506827275778e+02
4.422454527134269142e+01
6.878973401201599813e+01
3.730355694690592827e+01
1.980847833712882107e+02
-3.072130683281944385e+01
-4.055912219738602289e+02
4.451309021135497979e+00
3.108425534679038833e+02
2.207415477296661521e+01
-2.157017192370241787e+02
-4.378271710697034358e+00
4.475267168196612744e+01
4.472100659629077768e+00
1.639874061670351750e+02
-2.427670787692429943e+00
-4.078580844277467463e+02
2.807258130898247472e+01
3.383026336467781903e+02
-2.998507424280515199e+00
-2.242201016050308908e+02
-5.284507159280754962e+01
7.180252315856729695e+01
-4.066693612816839476e+01
1.650629783444681209e+02
5.003483774087344571e+00
-4.193011710088056816e+02
4.455325421119409413e+01
3.651017561418893251e+02
-1.784565506880843344e+01
-2.014064115901233265e+02
-7.629291026895948846e+01
8.506083495873616585e+01
-7.671963800957439616e+01
1.691219664587146951e+02
1.737721181476192100e+01
-4.316621763694200808e+02
5.144832105872193040e+01
3.874533821025756879e+02
-2.123543045485369518e+01
-1.882401969972476934e+02
-7.826108469019528968e+01
7.935960164926352434e+01
-8.424489685144907014e+01
1.519948403505349006e+02
1.618639142748921600e+01
-4.039388900962413800e+02
4.662898081744133094e+01
3.893201848100019333e+02
-4.307416532302971746e+01
-1.680677101975657024e+02
-9.034680548305618686e+01
1.008506966944182892e+02
-9.856481569628256523e+01
1.519948403505349006e+02
1.618639142748921600e+01
-4.039388900962413800e+02
4.662898081744133094e+01
3.893201848100019333e+02
-4.307416532302971746e+01
-1.680677101975657024e+02
-9.034680548305618686e+01
1.008506966944182892e+02
-9.856481569628256523e+01
1.724460509648888831e+02
-6.589045948472079317e+01
-3.592408636609292216e+02
5.807708349914238966e+01
4.038284708578481741e+02
-5.978917289445843863e+01
-1.140326768236280373e+02
-1.084223991728202634e+02
1.244692261042771833e+02
-1.479624694784377255e+02
2.514629928956430547e+02
-1.754476333533112893e+02
-3.243231399919193905e+02
5.873384300379648693e+01
4.053784589343240441e+02
-4.238382411373405745e+01
-1.444619422622173355e+00
-7.389011119721867260e+01
1.765172403232088527e+02
-2.208530376348178379e+02
3.087895598354675712e+02
-2.645729749779732174e+02
-2.860978495125992254e+02
4.015311680576098752e+01
4.055936458957874038e+02
-6.372119293235234849e+00
8.794663867233701637e+01
-4.355364046429181180e+00
1.364973985625915134e+02
-2.278126121922968252e+02
3.916006513950327985e+02
-3.384262518199349188e+02
-2.423120478006383962e+02
1.646576284660902445e+01
3.909920034938547815e+02
2.162512971442141563e+01
1.234580854015038796e+02
7.888973101509886021e+01
5.799981793135752639e+01
-1.901292923266771311e+02
4.720497168780638049e+02
-3.796003293237581602e+02
-2.190514202777787887e+02
-9.313335273561021310e+00
3.918414768776480059e+02
6.175219967088691675e+01
9.678119939824550499e+01
1.464791362209153647e+02
-2.260789250716186061e+01
-1.430885371460699673e+02
4.720497168780638049e+02
-3.796003293237581602e+02
-2.190514202777787887e+02
-9.313335273561021310e+00
3.918414768776480059e+02
6.175219967088691675e+01
9.678119939824550499e+01
1.464791362209153647e+02
-2.260789250716186061e+01
-1.430885371460699673e+02
5.627918585102761426e+02
-3.944661891128320121e+02
-1.916560560300385134e+02
-3.971583539585125777e+01
3.804131297547169765e+02
6.536136503464719283e+01
7.166905038157162267e+01
1.735878931216789454e+02
-7.656893393585400531e+01
-1.299686429856243421e+02
6.348629557202337992e+02
-4.014469597437753805e+02
-1.516415285387184895e+02
-1.029804848298653468e+02
3.517917131782277806e+02
1.073253749742788017e+02
1.994639821536886126e+00
1.750794978699481419e+02
-1.519198849760879000e+02
-1.259360652883389520e+02
6.831157300368682854e+02
-3.560958299140091867e+02
-7.957138406316421708e+01
-1.498812281917939231e+02
3.429659496819530773e+02
5.787769545016891470e+01
-1.373997416554525053e+01
1.475134694454857822e+02
-1.369380383311071796e+02
-1.015554470908254814e+02
8.616353886287927253e+02
-3.066019688120438786e+02
3.864846761943352504e+01
-2.116817911669705836e+02
3.243464003956704573e+02
-1.133716984679589928e+02
9.849062624299136814e+00
6.251384934587944286e+01
-9.332710464633181857e+01
-3.176301340632356229e+01
9.671802830383135188e+02
-2.510117464297535150e+02
1.239728657895452670e+02
-2.546333197448917360e+02
3.051132869930762013e+02
-2.370905492506092287e+02
3.768020980009671916e+01
5.693367785678603354e+01
-5.817880573864447769e+01
-2.538455700633761225e+01
9.671802830383135188e+02
-2.510117464297535150e+02
1.239728657895452670e+02
-2.546333197448917360e+02
3.051132869930762013e+02
-2.370905492506092287e+02
3.768020980009671916e+01
5.693367785678603354e+01
-5.817880573864447769e+01
-2.538455700633761225e+01
9.652270415228829279e+02
-2.369972961009596588e+02
1.465364305437016696e+02
-2.585273496009632481e+02
2.958662840512322418e+02
-2.606343109930490982e+02
4.361379514742339580e+01
5.145172460352716115e+01
-3.810980400798436563e+01
-5.269191531828686692e+01
9.668635358603800114e+02
-2.318554458237043150e+02
1.685670809214862800e+02
-2.619879318998426356e+02
2.758499024540163305e+02
-2.693732139679732427e+02
3.636845924627409943e+01
7.100116990891685020e+01
-4.180903382349747233e+01
-7.992724498498631647e+01
9.838223179882991190e+02
-2.346767375358594734e+02
1.817730464592289650e+02
-2.563387447301337829e+02
2.656945115272728231e+02
-2.788658503462066847e+02
3.348666403081371357e+01
1.114304905097310296e+02
-4.345394889951774786e+01
-8.448694994889694954e+01
1.017713740523326351e+03
-2.242307964634739221e+02
2.029144319603177564e+02
-2.246882149461375491e+02
2.608325253282550875e+02
-3.078578065875485663e+02
2.093257747761431986e+01
1.451182955405178063e+02
-3.434291711636302580e+01
-6.480587085575730555e+01
1.041139518755216159e+03
-1.954800644768521636e+02
2.310586352373378531e+02
-1.920444366331597905e+02
2.595887785441685764e+02
-3.176901255658060563e+02
-3.122639097033211186e+01
1.632390099776148418e+02
-4.605315933530462758e+01
-5.183899658984725534e+01
1.041139518755216159e+03
-1.954800644768521636e+02
2.310586352373378531e+02
-1.920444366331597905e+02
2.595887785441685764e+02
-3.176901255658060563e+02
-3.122639097033211186e+01
1.632390099776148418e+02
-4.605315933530462758e+01
-5.183899658984725534e+01
1.055394117904881114e+03
-1.612479904487231295e+02
2.528500860992432422e+02
-1.821743497566383496e+02
2.602264540076801609e+02
-3.122591897465559896e+02
-8.053870240540430814e+01
1.673077272875003985e+02
-5.614240769055759728e+01
-6.068900153584405643e+01
1.058880307768630246e+03
-1.420888608760235456e+02
2.597766759650254471e+02
-1.830533424843235082e+02
2.529925579230588255e+02
-3.125892611366114124e+02
-9.685530348226512842e+01
1.733220193445249890e+02
-4.302934468004992397e+01
-8.002908859125777497e+01
1.076793634066402774e+03
-1.116206265191162430e+02
2.722362928990547175e+02
-1.650515312010283822e+02
2.433868717780752320e+02
-3.132349840681517890e+02
-1.004024433912453418e+02
1.767718312130444360e+02
-2.900365947782670517e+01
-8.331839285613091306e+01
1.070229754639561634e+03
-1.002534851646624219e+02
3.027673638828602520e+02
-1.510230278925625953e+02
2.375167490174224838e+02
-2.913369963315008135e+02
-6.799145398173587296e+01
1.767418950585709183e+02
-4.169083005732244374e+01
-9.986632762381337614e+01
1.070229754639561634e+03
-1.002534851646624219e+02
3.027673638828602520e+02
-1.510230278925625953e+02
2.375167490174224838e+02
-2.913369963315008135e+02
-6.799145398173587296e+01
1.767418950585709183e+02
-4.169083005732244374e+01
-9.986632762381337614e+01
1.065903964746400334e+03
-7.516892694262521957e+01
3.171805046079301746e+02
-1.376551162842084750e+02
2.272043335669086161e+02
-2.697548792328133231e+02
-7.207910826347276156e+01
1.725448219286311087e+02
-6.325824552284671398e+01
-8.896225511097583194e+01
1.076372575769843934e+03
-5.997107053781346053e+01
3.272005548189267756e+02
-1.296700055457061183e+02
2.028997362082977247e+02
-2.323638578375360737e+02
-4.447126335718736101e+01
1.880546776936652691e+02
-7.868151710668129795e+01
-6.950173712225802092e+01
1.083366803728602690e+03
-2.186623689877785637e+01
3.435169834528916795e+02
-1.190479600567357181e+02
1.931743939148221614e+02
-1.921792052578516632e+02
-2.354013091823663117e+01
1.795203181882244792e+02
-1.137962250653500718e+02
-1.942335828958387722e+01
1.103990327790989340e+03
3.347925752887010020e+01
3.568388051743845040e+02
-1.298715028218657608e+02
1.751604771589307745e+02
-1.436818130916900884e+02
-3.086274979963533127e+01
1.336133931768129628e+02
-1.227299645851326346e+02
4.167862797871272562e+01
1.103978972863619902e+03
8.305903400762397837e+01
3.451763874458249575e+02
-1.379649905119412381e+02
1.520567681145581957e+02
-8.887319054415057451e+01
-5.634620502757790206e+01
8.078609694203257163e+01
-1.276674932424215712e+02
8.995787963025051681e+01
1.103978972863619902e+03
8.305903400762397837e+01
3.451763874458249575e+02
-1.379649905119412381e+02
1.520567681145581957e+02
-8.887319054415057451e+01
-5.634620502757790206e+01
8.078609694203257163e+01
-1.276674932424215712e+02
8.995787963025051681e+01
1.053913480014803099e+03
1.708607213247324808e+02
3.052165055647926124e+02
-1.389172874763678180e+02
1.369533372250995455e+02
-4.083969141920214696e+01
-1.022799731833139560e+02
6.641082767769665907e+01
-1.573494166850383351e+02
1.378337536393137839e+02
1.027097994324356932e+03
2.616185630878615029e+02
2.392495806713590412e+02
-1.150998727005772793e+02
1.305678100310153127e+02
-5.410332684061719410e-01
-7.905266926582055476e+01
-7.240143244458664640e+00
-1.398878946725229753e+02
1.840636102091793589e+02
1.029993155337202779e+03
3.102837893385316193e+02
2.316963120499951856e+02
-8.047896387391286055e+01
1.233162062845539850e+02
-3.897377797567513369e+01
-6.947002746846042953e+01
-7.466486431660700873e+01
-1.029364120418533304e+02
1.796947537855307644e+02
9.987972813090923410e+02
3.615480191765657310e+02
2.066177592095120588e+02
-1.749681561791962281e+01
1.332417256391290152e+02
-8.961969889244861065e+01
-4.014755117497389847e+01
-1.542451598797086376e+02
-2.430954991809366206e+01
1.300091099041278255e+02
9.679281012207894719e+02
3.731992120592200877e+02
2.050942199739891691e+02
1.947172757541547128e+01
1.246043029573190637e+02
-1.250244386220422541e+02
4.668100570909867031e+01
-2.241220084102298813e+02
6.416630040971736548e+01
5.048264473186206658e+01
9.679281012207894719e+02
3.731992120592200877e+02
2.050942199739891691e+02
1.947172757541547128e+01
1.246043029573190637e+02
-1.250244386220422541e+02
4.668100570909867031e+01
-2.241220084102298813e+02
6.416630040971736548e+01
5.048264473186206658e+01
9.321476219799002365e+02
3.966745196010444943e+02
2.060474248088183629e+02
4.504264132090032291e+01
1.098100014454043389e+02
-1.590598786351791034e+02
1.892288601038472393e+02
-2.298949286302192831e+02
1.640748461000775080e+02
-1.437821801425204349e+01
8.963760430875133807e+02
4.030257781801338979e+02
1.951697636505772948e+02
9.172244207856905973e+01
1.210615047315429109e+02
-1.932240534939160455e+02
3.418839948306651877e+02
-1.570162829136218363e+02
2.056296472394553803e+02
-1.952779499754710812e+01
9.113376294132091289e+02
3.995544529568426242e+02
1.711717160335003598e+02
9.478195086828064575e+01
1.098341588123615935e+02
-1.689853855366295932e+02
4.312680066687208296e+02
-4.223261275347091015e+01
1.610268990113372638e+02
4.237642243647942308e+01
9.520973774108341559e+02
4.133188824875938963e+02
1.533900080790323557e+02
7.486454933700512981e+01
9.080305703644630455e+01
-1.352016173158811796e+02
4.007163894119099723e+02
2.592101590818196755e+01
7.641409245963272667e+01
1.387179057087578542e+02
9.774090361645936582e+02
4.245216605128035212e+02
1.335967830001507366e+02
5.418619950202344882e+01
8.267166182821752329e+01
-1.029623858908606877e+02
3.353921266291427514e+02
6.607425415677278124e+01
-1.341868611767878683e+01
2.246824706012435797e+02
9.774090361645936582e+02
4.245216605128035212e+02
1.335967830001507366e+02
5.418619950202344882e+01
8.267166182821752329e+01
-1.029623858908606877e+02
3.353921266291427514e+02
6.607425415677278124e+01
-1.341868611767878683e+01
2.246824706012435797e+02
1.003347976703063523e+03
4.575862741630715504e+02
1.194120906946511980e+02
4.972950388453914172e+01
7.833311851965393657e+01
-8.679630016872977194e+01
2.392474968710745884e+02
3.914386352813408365e+01
-5.180267105475296319e+01
2.853379589045994749e+02
1.063998401442039494e+03
4.869432384307175994e+02
8.395779053914954204e+01
7.330995729782903148e+00
4.914677471654771068e+01
-4.642690933360347572e+01
7.284700616041176602e+01
-4.473296887299753166e+01
-8.297163484978348436e+01
3.011629225569428172e+02
1.062615044389714285e+03
5.227770654476183836e+02
4.314521160451603521e+01
-1.351358013925563206e+01
8.208472657051488852e+01
-4.093815461493847607e+01
-5.302483751638230558e+01
-1.511762256963859272e+02
-4.173780928971972770e+01
2.191383897930612363e+02
1.020002335919698453e+03
5.755805948783981876e+02
1.708869925434946424e+01
-3.866261017395026300e+01
8.124974775832120599e+01
-4.665362982802892589e+01
-7.536716510432326288e+01
-2.127681172136009025e+02
3.795881734731229695e+00
1.761698214313867368e+02
9.686749175090483277e+02
5.728395870365840210e+02
1.907758104552184264e+01
-2.902591919565464362e+00
8.852272958493037436e+01
-7.728179003300144245e+01
-1.289421512014501126e+01
-2.467103792953878951e+02
9.308502206972936222e+01
1.172705974393188626e+02
9.686749175090483277e+02
5.728395870365840210e+02
1.907758104552184264e+01
-2.902591919565464362e+00
8.852272958493037436e+01
-7.728179003300144245e+01
-1.289421512014501126e+01
-2.467103792953878951e+02
9.308502206972936222e+01
1.172705974393188626e+02
9.914793165371833084e+02
4.558998858270960000e+02
5.632341391729876534e+01
6.489890483515630137e+01
1.275223247306594345e+02
-1.084540307143580407e+02
1.001696994414391924e+02
-2.468754367457608794e+02
1.806948851158994103e+02
3.875677354516272288e+01
9.779512372376481153e+02
4.003486700925842570e+02
4.966430878446760744e+01
7.703572231125663450e+01
1.050091115127480776e+02
-1.172649280543195403e+02
2.989777939420314397e+02
-1.612047697148828149e+02
2.643277261705206342e+02
5.429949963042574979e+01
7.596305821979071879e+02
2.585087400990233277e+02
2.917292278280550377e+01
1.330933859977191389e+02
1.937453488228406400e+02
1.165309539599720878e+01
3.766810965212741849e+02
6.580978804289783568e+01
1.651968374856636501e+02
6.740212036375855575e+01
6.317573289087484909e+02
1.249003001153962771e+02
3.290172271215039501e+01
2.356177664427267473e+02
2.112159519516836781e+02
1.717948878041533476e+02
3.502520501885425688e+02
2.144933129570165420e+02
1.071149756863560185e+02
4.294514673675704586e+01
6.545766423329764621e+02
6.531835892610212113e+01
1.014801377891759273e+02
2.624777294626454704e+02
1.886051242661219760e+02
2.603444592939347899e+02
2.860980873599806955e+02
2.507885201431233497e+02
7.408729457358552395e+01
6.242870392236054755e+01
6.545766423329764621e+02
6.531835892610212113e+01
1.014801377891759273e+02
2.624777294626454704e+02
1.886051242661219760e+02
2.603444592939347899e+02
2.860980873599806955e+02
2.507885201431233497e+02
7.408729457358552395e+01
6.242870392236054755e+01
6.467404265890891111e+02
1.600312568436623906e+01
1.129585947076038650e+02
2.480581344339279894e+02
1.871264562651758467e+02
3.166324282417503468e+02
2.041016547168321154e+02
2.485526371610017691e+02
-2.558190208122901410e+01
2.662344972585695757e+01
6.972139152450384927e+02
-4.497633717552002963e+01
9.962467629063213792e+01
2.215764822011909985e+02
2.057018383397231105e+02
4.128094021732832175e+02
5.583854741083126072e+01
2.176045854719425847e+02
-6.205508134487134697e+01
-4.974532800616000117e+01
8.057745379672184072e+02
-3.294663483333199849e+01
1.057989516283309825e+02
1.967249850258505433e+02
1.523838301491004472e+02
4.516709010344006288e+02
-3.203862958733469668e+01
1.258936746505058721e+02
4.422923757232511122e+01
-2.999534732445405538e+01
1.105904066671879264e+03
6.721697238053582169e+01
2.377625710438103397e+02
1.425224976791876941e+02
4.276045665486824277e+01
2.402546286632813803e+02
-2.179338921251082795e+01
-3.594321388368229009e+01
9.675211145996341600e+01
8.683856319474776342e+01
1.105904066671879264e+03
6.721697238053582169e+01
2.377625710438103397e+02
1.425224976791876941e+02
4.276045665486824277e+01
2.402546286632813803e+02
-2.179338921251082795e+01
-3.594321388368229009e+01
9.675211145996341600e+01
8.683856319474776342e+01
1.272164675217820104e+03
1.012834330168123245e+02
2.669009055621478979e+02
1.693364185662749151e+02
-9.044920409091186286e+01
8.951342136470111654e+01
-2.719500286904323971e+01
-9.473922096973420537e+01
1.019987296817366627e+02
1.001134984348333887e+02
1.319369867427532199e+03
1.113706023011137063e+02
2.311504425843711203e+02
2.399944466563539436e+02
-2.411260426797779814e+02
7.587640658005697958e+01
-5.369344420711081511e+01
-6.191970854879109254e+01
1.038609998515654951e+02
1.578966251969792012e+01
1.347905871600420369e+03
1.184031991658884237e+02
2.175714267666234036e+02
2.608795561941789174e+02
-2.923092120793597246e+02
4.870067362539881373e+01
-7.136897788617342542e+01
-5.773975106912121902e+01
7.351802785057394374e+01
-8.546774125819476708e+00
1.359521981859078778e+03
9.463135632521836271e+01
2.215630258289339736e+02
2.894212191112365531e+02
-2.813406004906340172e+02
3.305953350976396621e+01
-9.527620003534863713e+01
-7.020819096340639476e+01
6.199070529984188482e+01
-2.806840893159827388e+01
1.365009666700529806e+03
7.937817078759131562e+01
2.215651236295088040e+02
3.113797632919888656e+02
-2.992419356731642210e+02
2.271190244345356035e+01
-1.113375923260653195e+02
-8.368133074774777924e+01
5.869662622515311057e+01
-3.521955483018739130e+01
1.365009666700529806e+03
7.937817078759131562e+01
2.215651236295088040e+02
3.113797632919888656e+02
-2.992419356731642210e+02
2.271190244345356035e+01
-1.113375923260653195e+02
-8.368133074774777924e+01
5.869662622515311057e+01
-3.521955483018739130e+01
1.372351701950142342e+03
8.458918947060479354e+01
2.155260392589226797e+02
3.307448029213730933e+02
-3.301256946355676973e+02
4.453600530417199721e+00
-1.268152261716191163e+02
-8.319192572916070105e+01
4.587530159589699252e+01
-3.764027387407675462e+01
1.377643471697148925e+03
7.756110103464564531e+01
2.166214009176734123e+02
3.537434074807296156e+02
-3.180927467976243861e+02
-2.084184854000420373e+01
-1.482450760914879595e+02
-9.047288876186269135e+01
3.548672281334742706e+01
-3.911681525492375044e+01
1.379865107404848914e+03
7.810793977777260011e+01
1.901672476002999304e+02
3.652426216907213643e+02
-3.312592201681216579e+02
-2.411599449634493553e+01
-1.476269225118834925e+02
-8.880589954248532081e+01
5.472416018246730829e+01
-3.705729889187580994e+01
1.378867949459279544e+03
6.811379624984709835e+01
1.569981710010698635e+02
3.816622649011442832e+02
-3.345656883588046071e+02
-3.485894184086395597e+01
-1.645740472709809694e+02
-9.975805174975519662e+01
5.116666505456727521e+01
-3.245715848753799371e+00
1.381866623507318081e+03
5.443335276842204706e+01
1.469489047558913910e+02
4.067102073240820346e+02
-3.286287827418153711e+02
-2.077928397189173637e+01
-1.684762060225284870e+02
-9.137837727150260037e+01
8.372518235072868720e+01
1.079992249089727885e+01
1.381866623507318081e+03
5.443335276842204706e+01
1.469489047558913910e+02
4.067102073240820346e+02
-3.286287827418153711e+02
-2.077928397189173637e+01
-1.684762060225284870e+02
-9.137837727150260037e+01
8.372518235072868720e+01
1.079992249089727885e+01
1.381381620330203077e+03
4.807220349573397300e+01
1.300583573827932184e+02
4.164927156612652652e+02
-3.416578698867062940e+02
-8.688704880356155513e+00
-1.662798184837438953e+02
-9.856640279412430061e+01
8.600270612855265995e+01
2.256295888600328325e+01
1.374434046680342135e+03
4.479605333181660143e+01
1.220873254960768719e+02
4.200508408789429495e+02
-3.515668444147291325e+02
-1.041349544483841427e+01
-1.665856792286951418e+02
-1.087180653677211666e+02
7.708172478869818178e+01
3.421699452963053290e+01
