8.219236050164038687e+00
-2.174426565438266579e+01
2.194711979912024447e+02
3.925789075346986579e+01
2.849666519717971482e+02
3.040392051717338973e+01
-7.075374721412021017e+01
2.595729842809333832e+01
-1.082499950338961980e+02
9.772776263780514228e+01
3.867890380420836216e+00
7.358666129358916841e+00
2.419458639438394130e+02
5.495217702817818406e+01
2.740205023654224306e+02
2.959602030185869737e+01
-7.081216070570339127e+01
6.113048963236512634e+01
-1.240749860492778254e+02
1.099837740678054274e+02
-3.408664642564317404e+01
3.881850710828513407e+00
2.845302023431913199e+02
7.827480794867069847e+01
2.817120745806303148e+02
3.905040660032192790e+01
-7.600583903847871170e+01
3.994096119860743244e+01
-6.869374947519823138e+01
7.800834982691786479e+01
-3.408664642564239244e+01
3.881850710829643170e+00
2.845302023431917746e+02
7.827480794866994529e+01
2.817120745806308832e+02
3.905040660032161526e+01
-7.600583903847834222e+01
3.994096119860762428e+01
-6.869374947519639818e+01
7.800834982691780795e+01
-1.265983735067173512e+02
-6.311927478465273111e+01
4.156777037649637805e+02
1.339190159898439276e+02
2.384247007767328341e+02
6.634769138000527278e+01
-5.171096288618159775e+01
-7.380530854188317846e+01
-2.324422036603002439e+01
6.434155350900955739e+01
-2.412248573239122891e+02
-1.018058134387059965e+02
5.562837285146914610e+02
2.205967106352650546e+02
1.551100490181357259e+02
6.940768681888036440e+01
-3.025274109720901095e+01
-1.186650119270115624e+02
-2.039909320747721466e+01
1.124410998733024769e+02
-4.167895690193851692e+02
-1.208549450890328103e+02
6.049882788635911766e+02
2.468957562942569837e+02
6.864372068660864556e+01
1.383310508681792044e+02
-8.776103636936460006e+00
9.282220918553193201e+00
-3.269624562062638518e+01
1.192488604041280666e+02
-5.027340342466006291e+02
-1.761765223040495414e+02
6.172926160975681569e+02
2.786424045910110863e+02
2.441910574548271740e+01
1.409418880761049877e+02
-2.675131815258899692e+01
4.610298147247545586e+01
-3.359303189097833098e+01
1.030985876917128934e+02
-6.070827348316169036e+02
-2.429215877166815289e+02
5.873386504037930536e+02
3.329018589729934092e+02
7.497437862446713730e+00
1.654868644928187678e+02
-7.132711335110947459e+01
7.893242803133527730e+01
-1.715977704289699801e+01
1.032350741132898264e+02
-6.070827348316169036e+02
-2.429215877166815005e+02
5.873386504037928262e+02
3.329018589729936934e+02
7.497437862446570733e+00
1.654868644928193646e+02
-7.132711335110970197e+01
7.893242803133425411e+01
-1.715977704289627681e+01
1.032350741132896985e+02
-6.669575654907481521e+02
-2.217546895736896033e+02
5.854247062602498772e+02
3.594810027522562450e+02
4.876933029683848275e+01
2.196801125625228224e+02
-7.956249581026733608e+01
1.802685383057413731e+02
-2.658788652965587573e+01
8.811893456895710131e+01
-7.536316263000127265e+02
-2.257941308922152501e+01
5.197206290969584188e+02
5.330358135820314374e+02
1.410999431908605573e+01
2.281337248481935660e+02
-3.729879404491001083e+01
2.973431654093511156e+02
5.334140374188891087e+01
1.458637637863440091e+02
-8.136602362368054173e+02
5.483399235793932291e+01
4.642125489133674705e+02
6.177514767262440500e+02
-6.676383049863943597e+01
2.061410822852156741e+02
-1.429523346669070634e+02
2.958709250640087021e+02
9.068664999157603290e+01
2.339667990618372073e+02
-9.469148441782748478e+02
1.404893577455779052e+02
4.384717110990198421e+02
5.915448322292378407e+02
-6.254142385079695288e+01
1.064338901177169845e+02
-1.765720082568900295e+02
3.193372036943474086e+02
-5.295296135138340077e+01
2.468669418260490147e+02
-1.033923189979973358e+03
2.663097686180371966e+02
3.442810600330022908e+02
5.422091945949330238e+02
8.914849386593911618e+01
-3.485525568493454074e+01
-2.425206329093871034e+02
2.234400200055716539e+02
-7.356804040806642320e+01
1.172771656824932336e+02
-1.033923189979973358e+03
2.663097686180371966e+02
3.442810600330023476e+02
5.422091945949331375e+02
8.914849386593911618e+01
-3.485525568493441995e+01
-2.425206329093871886e+02
2.234400200055717676e+02
-7.356804040806657952e+01
1.172771656824928357e+02
-9.138808448991958358e+02
1.607020880310847701e+02
3.145664534971784860e+02
4.592786129003798123e+02
1.489018946022501666e+02
-1.349634525772348468e+02
-2.591385784304665663e+02
1.608775465522908803e+02
-1.851992372037751977e+02
2.047410592374756089e+00
-7.226481024852498649e+02
-8.902319630006272178e+01
2.954753097110130966e+02
3.980617078474140271e+02
1.744744234072100824e+02
-1.356005439297952364e+02
-1.535313071290083826e+02
1.480595238101986411e+02
-2.354150619497476669e+02
-6.046804268862252485e+01
-6.357372883477900132e+02
-1.585721720544648292e+02
1.845677211383088547e+02
4.316074937033840229e+02
2.330551941999966346e+02
-3.793435113846539508e+01
-7.327626297346219530e+01
1.252114152703519920e+02
-1.570203384277942007e+02
-3.785122455248470885e+01
-6.133035364053000649e+02
-1.309385817317261740e+02
1.178015126965888868e+02
4.317008590863405288e+02
2.726615480343157287e+02
7.075074106361229553e+01
-1.722978780161821888e+01
1.078357694853692976e+02
-8.390550573736663864e+01
-2.228056505098994577e+01
-6.133035364053000649e+02
-1.309385817317261740e+02
1.178015126965888868e+02
4.317008590863405288e+02
2.726615480343157287e+02
7.075074106361229553e+01
-1.722978780161821888e+01
1.078357694853693118e+02
-8.390550573736663864e+01
-2.228056505098995288e+01
-5.950795982835838913e+02
-6.076973894927791520e+01
8.197274175548800201e+01
4.160955022467049389e+02
2.685393899078902109e+02
7.859679775796931267e+01
3.626903283609153306e+01
6.149885963340840789e+01
-2.675006086431778485e+01
-4.860219819970476607e+01
-5.395289622935737270e+02
1.113192912649141775e+01
1.329897792029294408e+02
3.305335055490230616e+02
2.006936377458664253e+02
9.964851460600617372e+01
1.638273122926084113e+02
-4.675800972238105757e+00
2.455637648490320046e+01
-8.911590297626651136e+01
-4.791181394235866833e+02
6.227301162811006918e+01
1.944248277243955272e+02
2.857798771751201343e+02
2.723535905700677873e+01
9.172097442800328793e+01
2.793873602391698796e+02
-2.676672359882039132e+01
6.179256750533557607e+01
-1.304530725463367844e+02
-4.380382227929483747e+02
7.906638271705614329e+01
2.041768362905127958e+02
2.650471889431290720e+02
-1.127221358194708927e+02
7.232870090259363849e+01
3.282052899643283013e+02
-4.041296400600616323e+01
9.098159947804150249e+01
-1.506634744468876193e+02
-4.023755051619277197e+02
8.096989434028907340e+01
1.971788869869278358e+02
2.165251737986217790e+02
-1.597569625452345576e+02
6.598526828307319647e+01
3.385443247364352146e+02
-6.708788510197247490e+01
1.115905306673806052e+02
-1.625241766345814085e+02
-4.023755051619277197e+02
8.096989434028907340e+01
1.971788869869278358e+02
2.165251737986217790e+02
-1.597569625452345576e+02
6.598526828307321068e+01
3.385443247364351578e+02
-6.708788510197247490e+01
1.115905306673806052e+02
-1.625241766345814085e+02
-3.596501566660525100e+02
8.745911113310054930e+01
1.950758831855050630e+02
1.783297762671494411e+02
-1.869301437612916459e+02
6.888073337560837217e+01
3.451044068217137806e+02
-6.929365773921858818e+01
1.171461756665567862e+02
-1.713339408100215451e+02
-3.280300474077014883e+02
8.796711367243540280e+01
2.080467327799258328e+02
1.257459181461167219e+02
-2.009899458683965747e+02
8.033701685039470419e+01
3.483181283601618929e+02
-8.006642931997701851e+01
1.302818027995690500e+02
-1.677391799489551261e+02
-3.015731686537781684e+02
8.734266576269011750e+01
2.044557004372809672e+02
8.796667615917796468e+01
-2.353179968925477397e+02
8.788408037161806874e+01
3.534457799077517848e+02
-7.985927921741763669e+01
1.327291135306129775e+02
-1.501119359987094128e+02
-2.740233699471621662e+02
8.545909274467879868e+01
2.093273071192703867e+02
5.510002688693646888e+01
-2.387405566148268861e+02
9.064222525992882140e+01
3.530976921011192644e+02
-6.204995189122507782e+01
1.369494752718405550e+02
-1.492311064179730522e+02
-2.593394685996043449e+02
9.617490624027372803e+01
2.200962344169005291e+02
3.908870258503448980e+01
-2.028160620421647309e+02
9.131167658629844652e+01
3.667063915643299197e+02
-2.909562756521960836e+01
1.174929531433747769e+02
-1.199431664893949119e+02
-2.593394685996043449e+02
9.617490624027372803e+01
2.200962344169005291e+02
3.908870258503448980e+01
-2.028160620421647309e+02
9.131167658629844652e+01
3.667063915643299197e+02
-2.909562756521960836e+01
1.174929531433747769e+02
-1.199431664893949119e+02
-2.320562924454589222e+02
7.699682579056778309e+01
2.228042317892218023e+02
-5.809669443881256612e+00
-1.962571048723763738e+02
1.122220749688864601e+02
3.216239990897212806e+02
-4.428431284776273458e+01
1.355294884180567010e+02
-1.213880080978168223e+02
-2.141671421361768068e+02
3.653717696813321680e+01
2.090120347260636606e+02
-7.144711040558898674e+01
-2.188702459684035375e+02
1.088756142875399320e+02
3.005109905398485921e+02
-4.001499565598275154e+01
1.460430084523636651e+02
-1.255720468198681488e+02
-1.768978026011372435e+02
-1.655927468223853793e+01
1.905968720999761956e+02
-9.349066909942995096e+01
-1.792807860735391898e+02
1.338634494545920575e+02
2.923930933146468192e+02
-4.361900617264644353e+01
2.009210948227800770e+02
-6.653863883490519981e+01
-1.842634411690245884e+02
-2.329340953070979836e+01
1.831544710406026581e+02
-1.548431940094582160e+02
-8.665515987023937328e+01
1.762073272770271899e+02
2.503974214545238226e+02
-8.859177944463162646e+01
2.124249239680718802e+02
-5.081165467688841630e+01
-1.946189355880964058e+02
7.175132007658254985e+00
2.183900128254952904e+02
-2.283081364440116943e+02
3.550604073136546468e+00
2.248530364489848239e+02
2.007917869893968259e+02
-1.150841046259270399e+02
1.589323886658247034e+02
-5.859221292512362567e+01
-1.946189355880964058e+02
7.175132007658254985e+00
2.183900128254952904e+02
-2.283081364440116943e+02
3.550604073136546468e+00
2.248530364489848239e+02
2.007917869893968259e+02
-1.150841046259270399e+02
1.589323886658247034e+02
-5.859221292512362567e+01
-1.833965143332526679e+02
4.033285748573416640e+01
2.143643906252790430e+02
-2.316639817334688587e+02
-1.583211939693544679e+01
2.106125301317575520e+02
1.887877205004729149e+02
-1.271931686420614369e+02
1.248260238694617925e+02
-9.648097086900540376e+01
-1.674547554581689326e+02
5.813553495956689687e+01
2.140987711630848480e+02
-2.133749743967536290e+02
-2.709990204977204442e+00
1.944307231204071797e+02
1.993223314484232560e+02
-5.769484988673621473e+01
1.717622855836974054e+02
-5.768213296994903772e+01
-9.908078226228170138e+01
6.000963185330628846e+01
2.257791639247786293e+02
-2.103102026076565778e+02
-8.977730178501953873e+00
2.054160935660563325e+02
1.729439182098800245e+02
2.598018366005447888e+01
2.569019602065220056e+02
-2.747076485993094863e+01
-2.852075791824044018e+02
4.746371509989345441e+02
1.083442275666338332e+02
-1.592658124592682611e+02
-1.778936972657913529e+01
3.052976238984779229e+02
-1.630031375779959291e+01
-1.845337855178598545e+02
3.833981895316818367e+01
-5.588091563395889239e+01
-4.045418330201815706e+02
6.433025370019904585e+02
-2.530032135259692083e+01
7.002997613615989714e+00
2.642288970537029869e+01
3.211288316128435554e+02
5.634688137193747792e+01
-5.936787257880622803e+01
2.961951172706535118e+01
-1.880217651150389884e+02
-4.045418330201815706e+02
6.433025370019904585e+02
-2.530032135259692083e+01
7.002997613615989714e+00
2.642288970537029869e+01
3.211288316128435554e+02
5.634688137193747792e+01
-5.936787257880622803e+01
2.961951172706535118e+01
-1.880217651150389884e+02
-4.804303428917848464e+02
6.966841112877016258e+02
-2.387193714811652967e+01
-5.614569966037496584e+01
5.350311715646549260e+01
1.612435448006034449e+02
1.132652609710623182e+02
9.060207672603398876e+00
3.939934720892148334e+01
-1.476579282515903060e+02
-5.427581070079376104e+02
7.249802230550882314e+02
-4.893291193467496925e+01
-1.401105935258703425e+02
8.956996656825437242e+01
7.933251655806134295e+01
1.283997011338779544e+02
4.562319085441412625e+01
-2.085341559103211040e+01
-1.000352794928499804e+02
-5.583494393485472074e+02
7.545000711426347380e+02
-4.149123101960585558e+01
-1.734077550609518994e+02
1.369209218006197091e+02
2.068327815458038188e+01
1.335209755039928723e+02
7.227766553997962262e+01
-3.940252690237015543e+01
-6.939519235600965885e+01
-5.457725049321586539e+02
7.553291033127804894e+02
-8.264813664402146287e+01
-1.422034811100534455e+02
1.144620063555025524e+02
1.643226013833041232e+00
1.107079542089152824e+02
8.112467493058542800e+01
-5.375160757741262785e+01
-8.799826223076314591e+01
-5.351371490275932956e+02
7.576163167144443378e+02
-8.183952370625324590e+01
-1.571681864303065481e+02
1.150205851720745471e+02
-1.530615039921668163e+01
1.054801612716472761e+02
8.225964744885352786e+01
-5.276641424276913028e+01
-9.718440744851938007e+01
-5.351371490275932956e+02
7.576163167144443378e+02
-8.183952370625324590e+01
-1.571681864303065481e+02
1.150205851720745471e+02
-1.530615039921668163e+01
1.054801612716472761e+02
8.225964744885352786e+01
-5.276641424276913028e+01
-9.718440744851938007e+01
-5.090122727473814166e+02
7.611005658501360358e+02
-8.307878707661568285e+01
-1.548424139032414928e+02
1.093248735048788944e+02
-2.733932912315273356e+01
8.500713062337661086e+01
8.181596558694056398e+01
-5.722023207158524372e+01
-9.631407376200901638e+01
-4.714711174122189163e+02
7.587143473776018254e+02
-9.368198595885991153e+01
-1.496033236666272330e+02
1.039655379524542980e+02
-1.438824791497223821e+01
7.368079106943679335e+01
6.924559630754858119e+01
-6.884248396651095447e+01
-9.390224383261012520e+01
-4.487514755451785504e+02
7.377128155157973879e+02
-1.066720098367575247e+02
-1.448699288673725505e+02
1.054813563042232261e+02
-4.362121469521209605e+00
4.617739553321443680e+01
6.574953269677584444e+01
-9.231365771829622702e+01
-1.013298621107467881e+02
-4.264309633090372245e+02
7.240974683270496826e+02
-1.103677740841738739e+02
-1.471464635390556452e+02
1.089813462956307717e+02
-4.549596869525818654e+00
2.521127505595100260e+01
6.017050077998875679e+01
-1.014540077414666541e+02
-9.771046552065503477e+01
-4.264309633090372245e+02
7.240974683270496826e+02
-1.103677740841738739e+02
-1.471464635390556452e+02
1.089813462956307717e+02
-4.549596869525818654e+00
2.521127505595100260e+01
6.017050077998875679e+01
-1.014540077414666541e+02
-9.771046552065503477e+01
-3.950494865934115865e+02
6.933283235728079035e+02
-1.173066175797089699e+02
-1.423410867677489478e+02
1.267743682304582649e+02
8.410968249738955294e+00
-2.210997329539631906e+01
6.377136187276464341e+01
-1.158307323646732385e+02
-1.020916036481177258e+02
-3.746700766476416220e+02
6.095994261752190368e+02
-1.389124057351623094e+02
-1.110514794660294626e+02
1.647735084460294388e+02
2.053189708281723824e+01
-1.398977513587836654e+02
1.079922047118007953e+02
-1.585857086629015384e+02
-1.260917828656012176e+02
-3.408015601161200152e+02
4.874011826918110728e+02
-1.508516872827717634e+02
-8.978364276223226170e+01
1.688951444281463523e+02
7.013807410518057672e+00
-2.523548522964835286e+02
1.572125587726545177e+02
-1.896944792421655279e+02
-1.469030328543780115e+02
-2.836716320439667243e+02
3.125700378273021443e+02
-1.407709771443464888e+02
-1.086757269904512526e+02
1.556129986874784379e+02
-6.800535456736053419e+00
-2.762075498630549077e+02
2.067004773671148428e+02
-1.942958470807537878e+02
-1.786189638077966606e+02
-1.599108981178158615e+02
9.891554807984906006e+01
-1.049139573209825471e+02
-1.054596646760808625e+02
1.725145571399936841e+02
-2.569759848270608060e+01
-2.725576674191452184e+02
2.842823952557030225e+02
-1.562729147772997749e+02
-2.155076701459845765e+02
-1.599108981178158615e+02
9.891554807984906006e+01
-1.049139573209825471e+02
-1.054596646760808625e+02
1.725145571399936841e+02
-2.569759848270608060e+01
-2.725576674191452184e+02
2.842823952557030225e+02
-1.562729147772997749e+02
-2.155076701459845765e+02
-4.420111764762496165e+01
-6.563053930563954452e+01
-7.117110480469862921e+01
-1.278770841629012551e+02
1.669223965032493027e+02
-2.950357608435066226e+01
-2.910390726688116274e+02
3.410330908676182844e+02
-6.385693619234955065e+01
-2.025802250217000164e+02
4.233241634568059197e+01
-1.735427200870887816e+02
-5.369514113581551129e+01
-1.442122998792669648e+02
1.415497559837554320e+02
2.672506965964904424e+01
-3.265234917845730251e+02
3.744962435995354895e+02
2.655038056572541194e+01
-1.786485533747412546e+02
9.124477536880522166e+01
-1.723606708617271863e+02
-4.220102154389685012e+01
-1.426423359769260344e+02
1.194506165599037786e+02
8.206023795402199994e+01
-3.464271212847227162e+02
3.693748231689951922e+02
1.194194258540454285e+02
-1.727291074219203324e+02
9.145522532876259447e+01
-7.550419214002896240e+01
9.909665327847694272e+00
-1.218331683067056872e+02
1.506514651528992204e+02
1.006068211021017902e+02
-2.634195387835303563e+02
3.361071687258716452e+02
1.766390623211331388e+02
-1.889058592252160338e+02
8.351712034384119931e+01
-2.408763906214962347e+01
5.565509470313018880e+01
-7.129307198082358354e+01
2.330033367117106025e+02
1.170961968120744956e+02
-1.205733961026220697e+02
2.822612558873636317e+02
1.733009686744741487e+02
-2.090264741785193792e+02
8.351712034384119931e+01
-2.408763906214962347e+01
5.565509470313018880e+01
-7.129307198082358354e+01
2.330033367117106025e+02
1.170961968120744956e+02
-1.205733961026220697e+02
2.822612558873636317e+02
1.733009686744741487e+02
-2.090264741785193792e+02
5.356343446869339431e+01
-4.492271804915054645e+01
3.974110220089056611e+01
-1.766283179675826034e+02
2.130230823955241988e+02
1.107131819082479609e+02
-1.105436288615304363e+02
1.564996337037603666e+02
2.369898954917426295e+02
-1.802353282863168999e+02
1.142556781052316097e+02
-1.353502585137487984e+02
2.703965961145389230e+01
-2.203730803318214271e+02
1.735247536605087362e+02
2.115332055874014827e+02
-1.357553389036046951e+02
3.190887837608383037e+01
2.956572868808613634e+02
-2.218081438257790126e+02
1.096473701380080286e+02
-1.879276844931233086e+02
8.935411542738764368e+00
-2.007572362720316903e+02
1.955063190452869435e+02
2.125747169589831458e+02
-1.962137587942808636e+02
3.002347158300255003e+00
3.030294822802742942e+02
-1.688815874607790022e+02
8.356949252899995884e+01
-2.489170080629158974e+02
-4.507387211108251535e+01
-1.653652079879688870e+02
2.279766517442502334e+02
1.895475730676382398e+02
-1.857234964535503536e+02
5.093907427074113592e+00
3.230650749257501957e+02
-1.079080304560580146e+02
5.572785587211168234e+01
-3.324548706245704466e+02
-9.325531511736694767e+01
-1.944570366043215301e+02
2.273068288759405107e+02
2.013692436065940683e+02
-1.330772110622507682e+02
-2.757132651130165968e+01
3.041678183807546247e+02
-7.616809563905627556e+01
5.572785587211168234e+01
-3.324548706245704466e+02
-9.325531511736694767e+01
-1.944570366043215301e+02
2.273068288759405107e+02
2.013692436065940683e+02
-1.330772110622507682e+02
-2.757132651130165968e+01
3.041678183807546247e+02
-7.616809563905627556e+01
2.589299733128767400e+01
-3.576594976330792406e+02
-1.082252285477735683e+02
-2.328124945705368418e+02
1.874996753337617577e+02
1.749317542932451204e+02
-1.068889678664198897e+02
-4.463871126698483494e+01
2.331097408142506993e+02
2.896965743892701894e+01
7.034115373036591734e+01
-3.708842282456171802e+02
-1.060717778671433820e+02
-2.478011156261689791e+02
1.398020090104523661e+02
1.471543712355068863e+02
-6.431641484772714534e+01
-1.126780823199933224e+02
1.948466924336486841e+02
1.442396921750799947e+02
1.314080054617686244e+02
-3.375346110030270665e+02
-1.136443590129452446e+02
-2.048791823298740553e+02
1.838057324548273357e+02
1.582508021801635323e+02
-2.107821149009019379e+01
-1.901834778250458839e+02
1.483305423878873910e+02
2.087222592852296259e+02
1.434248176950084428e+02
-3.295553392016555563e+02
-9.241307274952067985e+01
-2.440283949561896577e+02
2.587755910782022966e+02
2.379181105242274086e+01
3.726851173505711756e+01
-2.466060120153082664e+02
2.201806344661551691e+02
2.538436348508644471e+02
-6.525476541016742260e+01
-4.417120283831627603e+02
-2.169108013148294276e+02
-3.715966923867764535e+02
3.996060827782396814e+02
-2.288244414449038970e+02
2.336368738361217012e+01
-1.481820202507196313e+02
2.913633700185115458e+02
1.915287735810286733e+02
-6.525476541016742260e+01
-4.417120283831627603e+02
-2.169108013148294276e+02
-3.715966923867764535e+02
3.996060827782396814e+02
-2.288244414449038970e+02
2.336368738361217012e+01
-1.481820202507196313e+02
2.913633700185115458e+02
1.915287735810286733e+02
-2.424747130971464060e+02
-5.123528837546493833e+02
-3.956832756981370380e+02
-4.641681063941593948e+02
4.162619982970298338e+02
-2.136245700140234192e+02
3.616690004290304294e+00
-5.684267092397777832e-01
1.713507688584409721e+02
1.661401810465317510e+02
-3.634513182681414492e+02
-5.294625601519825295e+02
-5.299181191052582562e+02
-5.476250362842879440e+02
3.531225795850839972e+02
-1.160636375373688622e+02
5.169830929685502952e+01
1.854384423835346354e+02
9.550515423203545140e+01
1.673041071028102920e+02
-4.714408087552045572e+02
-5.609015532483010702e+02
-4.861202361104617466e+02
-5.167649071754784700e+02
2.045226604765854859e+02
-7.209897936376557936e+01
1.271419374921330956e+02
2.744769072406858186e+02
1.929311698509851425e+01
2.279208998008467120e+02
-5.918580917195700977e+02
-5.398761744645416911e+02
-4.183452527812714266e+02
-3.867418302813122750e+02
8.242547128808449486e+01
-7.597331453877131935e+01
2.860830636371118771e+02
3.854295126554622470e+02
-1.396115502243195010e+02
3.175006217578572887e+02
-7.015313918956766202e+02
-5.909627604195449067e+02
-3.250035799874842724e+02
-2.597672179658777623e+02
1.782491408856181181e+01
-5.248845387097841808e+01
3.691252555415942993e+02
3.316762435600069807e+02
-1.535992129502909336e+02
2.238463402535562068e+02
-7.015313918956766202e+02
-5.909627604195449067e+02
-3.250035799874842724e+02
-2.597672179658777623e+02
1.782491408856181181e+01
-5.248845387097841808e+01
3.691252555415942993e+02
3.316762435600069807e+02
-1.535992129502909336e+02
2.238463402535562068e+02
-8.848274324496123882e+02
-7.011469776231740525e+02
-1.163176809297681302e+02
-1.221715316218102316e+02
5.862931334230357550e+01
-6.479656020708945618e+01
3.624431006108225120e+02
2.090769888179967779e+02
-6.029417063939381194e+01
9.974912455505571529e+01
-1.076397030922308204e+03
-7.376708082116142577e+02
1.349701748259336114e+02
-2.771223009678744376e+01
9.041861749216290889e+01
-1.307975364163737027e+02
2.326530865200489586e+02
1.185679487905387361e+02
-5.486513433451467137e+01
8.032501300706837810e+01
-1.126258826116206137e+03
-7.070717547383402461e+02
1.800557644567143427e+02
-2.963278638718912816e+01
6.585376571571477200e+01
-1.672653627485013885e+02
1.637525633098138940e+02
7.105454971110526685e+01
-1.029022552947370457e+02
1.765651668432468213e+01
-1.142402884532687949e+03
-6.514553285912203364e+02
1.701486017916300284e+02
-3.689185036471602785e+01
6.269389840022162019e+01
-1.792131413396847961e+02
1.370428406811151945e+02
4.244656515580868472e+01
-1.378401036278105778e+02
-4.575974354825162749e+01
-1.142402884532687949e+03
-6.514553285912203364e+02
1.701486017916300284e+02
-3.689185036471602785e+01
6.269389840022162019e+01
-1.792131413396847961e+02
1.370428406811151945e+02
4.244656515580868472e+01
-1.378401036278105778e+02
-4.575974354825162749e+01
-1.161496059588272601e+03
-6.002290975699221462e+02
2.034086849621431554e+02
4.097846272834530623e+00
7.822707009608731710e+01
-1.739241410098160827e+02
1.579108047936860828e+02
4.026445516869149799e+01
-1.917416303102708355e+02
-7.209923544163656572e+01
-1.173621369958506193e+03
-5.667154869067501295e+02
2.145550761146282639e+02
9.398276198881681864e+00
6.234558799702116261e+01
-1.615808416471377598e+02
1.351408086017586925e+02
2.236118080131972263e+01
-2.208814891685657642e+02
-8.856632291206541652e+01
-1.191819404652907679e+03
-5.336300586314908969e+02
2.244399604965697108e+02
-4.333229892043964782e+01
3.886973445953938011e+01
-1.399806862576282640e+02
6.211671421897068512e+01
-2.913189162409128485e+01
-2.285523931357344338e+02
-1.049724157214307780e+02
-1.192805061619174012e+03
-5.565127899106640825e+02
2.218189284083830728e+02
-1.938407688144482393e+02
-2.642860830194825539e+01
-1.062257265372388275e+02
-4.856350691377731721e+01
-1.326990613033874808e+02
-1.980152728206372785e+02
-1.364524051332281829e+02
-1.203397197420936664e+03
-5.274785185090505593e+02
2.332580915523073770e+02
-1.921481310592343164e+02
-2.952867157203082016e+01
-1.033318749113522017e+02
-4.799539069476427500e+01
-1.494476215404203003e+02
-2.301288725624658298e+02
-1.267472724015120349e+02
-1.203397197420936664e+03
-5.274785185090505593e+02
2.332580915523073770e+02
-1.921481310592343164e+02
-2.952867157203082016e+01
-1.033318749113522017e+02
-4.799539069476427500e+01
-1.494476215404203003e+02
-2.301288725624658298e+02
-1.267472724015120349e+02
-1.205090586502455608e+03
-4.819547511045672650e+02
2.239579767572680282e+02
-2.098428420393797751e+02
-3.950795557074635411e+01
-8.973342672528967512e+01
-6.624594288981050738e+01
-1.594854130872994915e+02
-2.408705627714901709e+02
-1.168241739699251696e+02
-1.212748355501402557e+03
-4.289761852165992764e+02
2.188279619426648992e+02
-2.379523806381430973e+02
-5.609381624791284082e+01
-7.778922773858640483e+01
-8.424542246103642640e+01
-1.798268168745778155e+02
-2.335583972953964178e+02
-9.692927137226089940e+01
-1.229289229814093460e+03
-3.563283077107202530e+02
2.173644720378608781e+02
-2.590496628157015948e+02
-5.997337092759412513e+01
-5.958814751934408349e+01
-1.082458595843769302e+02
-2.017079338487008897e+02
-2.176630604755968932e+02
-6.086310203119138151e+01
-1.233473192509790124e+03
-3.026303877776043691e+02
2.197943129827282007e+02
-2.690866099328553673e+02
-6.216030800398377210e+01
-3.991129535937976414e+01
-1.172920097188591768e+02
-2.212355673894433892e+02
-1.995426857843426660e+02
-4.258289859655351961e+01
-1.235299966867717785e+03
-2.501985017335379382e+02
2.178042317590924029e+02
-2.538112763378476586e+02
-5.170381317837281188e+01
-2.412463200729937540e+01
-8.803961686177156309e+01
-2.143817612910697505e+02
-1.861404974259087339e+02
-1.908828454152922660e+01
-1.235299966867717785e+03
-2.501985017335379382e+02
2.178042317590924029e+02
-2.538112763378476586e+02
-5.170381317837281188e+01
-2.412463200729937540e+01
-8.803961686177156309e+01
-2.143817612910697505e+02
-1.861404974259087339e+02
-1.908828454152922660e+01
-1.229671628106663320e+03
-1.849112585229770502e+02
2.020952459867428104e+02
-2.228249988135042940e+02
-3.638524405990385446e+01
-7.614915159716189486e+00
-6.133193018171747468e+01
-1.863603726792494228e+02
-1.700344463909751767e+02
9.453338952779507309e+00
-1.238426017774984984e+03
-1.512726702301477530e+02
1.737434607916211746e+02
-2.629426611229349646e+02
-5.801042750499986056e+01
1.913191088073300250e+01
-1.103343239996377321e+02
-1.995122684037059457e+02
-1.169760172833294263e+02
2.920639059776231505e+01
-1.249018168816510524e+03
-1.316385143650263956e+02
1.525026422253277758e+02
-2.928450164962852682e+02
-8.063469073875438653e+01
3.856329627378796943e+01
-1.521171334198593001e+02
-2.145701509054581493e+02
-7.142580731690398466e+01
3.854026896876990094e+01
-1.245393463596461061e+03
-8.559883810773493451e+01
1.324464743938743823e+02
-2.985074889536447813e+02
-9.453747761906451785e+01
5.568739413772031810e+01
-1.708102593689440596e+02
-2.176294781480739573e+02
-3.818140355976537847e+01
4.733894996359889262e+01
-1.246272833745618527e+03
-5.170717857544300955e+01
1.130711386211317517e+02
-2.885191504577043133e+02
-1.035367315068605762e+02
6.269388368820707313e+01
-1.733543555247997858e+02
-2.101160549165803673e+02
-8.172176776696760570e+00
5.358812508160323063e+01
-1.246272833745618527e+03
-5.170717857544300955e+01
1.130711386211317517e+02
-2.885191504577043133e+02
-1.035367315068605762e+02
6.269388368820707313e+01
-1.733543555247997858e+02
-2.101160549165803673e+02
-8.172176776696760570e+00
5.358812508160323063e+01
-1.244556794756616000e+03
-8.522492350881226031e+00
1.014333710892110219e+02
-2.732218190015381651e+02
-1.002840439929817791e+02
6.997391961507884162e+01
-1.622770285193086011e+02
-1.849356288626232754e+02
2.406065941662230401e+01
7.407243309063828463e+01
-1.236902295938377392e+03
2.251545937460728908e+01
9.236587316113059387e+01
-2.793680341636786579e+02
-1.010368043736778532e+02
7.397049604619448360e+01
-1.633540875764922760e+02
-1.691471756592868871e+02
6.411242512478301592e+01
7.920347188254882553e+01
-1.228109603428175433e+03
5.349553906629536471e+01
7.929569295079771507e+01
-2.839601166466888458e+02
-1.117106331479771626e+02
6.514657808803914918e+01
-1.654666864429329678e+02
-1.556542582615956292e+02
1.069709509290867260e+02
7.569869911987093758e+01
-1.212198554310861482e+03
7.157491620519127196e+01
5.748077407961723395e+01
-2.638839114507804879e+02
-1.339171839346749096e+02
3.862957950830527665e+01
-1.629702234361167541e+02
-1.416838373855219686e+02
1.406732708333721007e+02
7.232491691974945525e+01
-1.198037753750583988e+03
9.904287423310218230e+01
2.002281777887115055e+01
-2.242699644590196897e+02
-1.579603617124895720e+02
1.289631718053975185e+01
-1.476507104867787064e+02
-1.346955805902923657e+02
1.680975223760476922e+02
6.813484050112606383e+01
-1.198037753750583988e+03
9.904287423310218230e+01
2.002281777887115055e+01
-2.242699644590196897e+02
-1.579603617124895720e+02
1.289631718053975185e+01
-1.476507104867787064e+02
-1.346955805902923657e+02
1.680975223760476922e+02
6.813484050112606383e+01
-1.181708680531112122e+03
1.693261548700824335e+02
-5.588473154269959942e+00
-1.214852510151145992e+02
-1.412769342159099040e+02
-2.329282074917576661e+00
-6.787195957872924623e+01
-8.587581112377247905e+01
1.465720030257016049e+02
4.096309379465472489e+01
-1.165742776478806945e+03
2.377832863100658471e+02
-4.951676644621200296e+01
-1.636078602522757208e+01
-1.176449917549781645e+02
-2.761696118937371125e+01
7.029031738020442788e+00
-1.901602041643919350e+01
1.221727405702760620e+02
5.225965560119905007e+01
-1.156366678124443069e+03
2.692656635881052694e+02
-8.945188323439499811e+01
4.578258663030505460e+01
-1.122046839242002534e+02
-3.686293619150200129e+01
4.428613862725663353e+01
6.805328176299646259e+00
1.115921180539707933e+02
5.946233185650161346e+01
-1.123782657762205872e+03
2.925354462914833675e+02
-1.449197502439920981e+02
7.330582084969269374e+01
-1.147640319593291167e+02
-4.012299079010806224e+01
6.977009167335810957e+01
2.765207885178379499e+01
1.045584772686164428e+02
5.441950613510698531e+01
-1.102837495265319831e+03
3.006668585150584931e+02
-1.588052818939406166e+02
8.574318649715775109e+01
-1.178593745557826225e+02
-4.409479616865446872e+01
7.563985677990936551e+01
3.794754243927908988e+01
9.784946175687738901e+01
5.927022392578943766e+01
-1.102837495265319831e+03
3.006668585150584931e+02
-1.588052818939406166e+02
8.574318649715775109e+01
-1.178593745557826225e+02
-4.409479616865446872e+01
7.563985677990936551e+01
3.794754243927908988e+01
9.784946175687738901e+01
5.927022392578943766e+01
-1.117978121521444564e+03
2.836855609616850984e+02
-1.238053906382973253e+02
8.444032570946140481e+01
-1.282751104139002507e+02
-5.202481724174864297e+01
5.077867778065083115e+01
2.546338955355560785e+01
1.082793146258875936e+02
8.747686987049225138e+01
-1.124879970173393303e+03
2.468193193103093677e+02
-1.215108425265708973e+02
2.834672070434186253e+01
-1.658028922470466000e+02
-5.331648585116823824e+01
-1.249423007372591599e+01
-2.001769072541163297e+01
1.309469974399833632e+02
9.753372641339807103e+01
-1.094190828183798658e+03
2.102241881182584677e+02
-1.286491624729328578e+02
-4.317819184163598578e+01
-2.035655040475519684e+02
-4.603000768340415050e+01
-6.644587393019955357e+01
-5.835418203232470091e+01
1.472542425133184452e+02
8.382614322198567436e+01
-1.067728181386055212e+03
2.029097859997222315e+02
-1.339387669966198189e+02
-5.882653355851048360e+01
-2.201821771886814361e+02
-5.204261455177054785e+01
-8.914628321549200507e+01
-8.044748471157569725e+01
1.558705390441294298e+02
8.220313603920513401e+01
-1.067728181386055212e+03
2.029097859997222315e+02
-1.339387669966198189e+02
-5.882653355851048360e+01
-2.201821771886814361e+02
-5.204261455177054785e+01
-8.914628321549200507e+01
-8.044748471157569725e+01
1.558705390441294298e+02
8.220313603920513401e+01
-1.044690106708002531e+03
2.036712623786143013e+02
-1.429509087386170165e+02
-5.113804032873986927e+01
-2.147713619194877310e+02
-6.202863249767528941e+01
-8.179042980207117353e+01
-7.083974911729187340e+01
1.451743352564969314e+02
9.482857120659943462e+01
-1.016243768237958420e+03
2.089546923690939764e+02
-1.532642186355776346e+02
-4.348735584083231487e+01
-2.080384195233315836e+02
-6.618881236199071338e+01
-7.806442097484874409e+01
-5.420136910885807424e+01
1.396071698234969745e+02
1.079973884704410523e+02
-9.764439889061723079e+02
2.183040330287256836e+02
-1.625759833501214757e+02
-2.927345413917733552e+01
-1.908996416557184261e+02
-7.468799712822882952e+01
-6.892361827853700618e+01
-3.173181094369067878e+01
1.286608508380797105e+02
1.205196508422689305e+02
-9.383486015451611593e+02
2.250134465936345123e+02
-1.658595257190022210e+02
-1.865040953590601447e+01
-1.730777299103591531e+02
-8.302325071098292142e+01
-6.197544678250800843e+01
-1.684443499667530020e+01
1.152266598077659694e+02
1.297559111901149436e+02
-9.019611980744385846e+02
2.372104249303123424e+02
-1.734700527213547616e+02
-3.899485602770202064e+00
-1.558269443309020517e+02
-9.919221912657769735e+01
-5.130510853107826108e+01
-5.183828797664994603e+00
9.465130947912086867e+01
1.306408686611445944e+02
-9.019611980744385846e+02
2.372104249303123424e+02
-1.734700527213547616e+02
-3.899485602770202064e+00
-1.558269443309020517e+02
-9.919221912657769735e+01
-5.130510853107826108e+01
-5.183828797664994603e+00
9.465130947912086867e+01
1.306408686611445944e+02
-8.566326853530405288e+02
2.430640461892400879e+02
-1.799427769833976072e+02
1.686921710088789439e+01
-1.335447462814744028e+02
-1.145190325667198863e+02
-4.243588633585014946e+01
6.891711738792152708e+00
7.913608976060251621e+01
1.324875443788609459e+02
-8.179996116102474844e+02
2.455238265315935280e+02
-1.780237548454862804e+02
4.365660551585359173e+01
-1.066530576301536399e+02
-1.197739663089119659e+02
-3.022541162975655382e+01
2.475903030348192146e+01
7.185058283797134493e+01
1.342952167998888910e+02
-7.950964232858004834e+02
2.536583620543384257e+02
-1.676761880804880605e+02
7.707820712644571870e+01
-8.122620241425489951e+01
-1.164417709037249722e+02
-6.700446418669404380e+00
4.859684245040162409e+01
6.410101470483260755e+01
1.291971343260777871e+02
-7.097392751795280219e+02
3.000595235595342274e+02
-2.125050957007409238e+02
1.048602143553854233e+02
4.727968920078762238e+01
-1.429285541289210357e+02
-6.024132765848388971e+00
1.038613899229612940e+02
3.217459031114075430e+01
9.281225005593890387e+01
-5.976130603826500192e+02
3.169963411370027870e+02
-2.651904989865533366e+02
1.117045150899740520e+02
2.199502556240298929e+02
-1.620963564417003511e+02
-6.288115358611855754e+01
1.050969066510853338e+02
5.714863425779477524e+01
1.748080666022013574e+01
-5.976130603826500192e+02
3.169963411370027870e+02
-2.651904989865533366e+02
1.117045150899740520e+02
2.199502556240298929e+02
-1.620963564417003511e+02
-6.288115358611855754e+01
1.050969066510853338e+02
5.714863425779477524e+01
1.748080666022013574e+01
-5.136368176498758658e+02
3.026221985052862351e+02
-2.660374431239283126e+02
1.471020572294465012e+02
2.892446826057122848e+02
-1.662046264669357356e+02
-6.315693617780892311e+01
5.441549960689058452e+01
7.729398857368256870e+01
-2.576122452473385849e+01
-4.424371921826859193e+02
2.987615526348508865e+02
-2.426862827178518671e+02
1.834502044923829374e+02
3.198313125782131010e+02
-1.961592181946816709e+02
-5.187355516308989678e+01
5.952827337302779576e+00
7.907212813972344634e+01
-1.100719829039289799e+01
-3.820854073930661912e+02
2.940635706088190204e+02
-2.170111671270819897e+02
2.146643569243119316e+02
3.174646583622672438e+02
-2.395107941505438021e+02
-4.675840969907942224e+01
-1.739416923142113447e+01
7.874782424333606912e+01
8.677625694843163373e+00
-3.251323113647528089e+02
2.769650229433376580e+02
-1.972437468501706519e+02
2.389114478995398088e+02
3.231567051335492806e+02
-2.513986821111807046e+02
-4.253063368491458363e+01
-3.038530705304534152e+01
7.728157762965982158e+01
2.270526007147397252e+01
-2.511337954092089149e+02
2.602666520656995317e+02
-1.949676599731233182e+02
2.543074836535970746e+02
3.189672153689917309e+02
-2.604330707473084203e+02
-3.591323617616322394e+01
-4.887835552491030455e+01
8.542746605556733641e+01
2.802400731587798077e+01
-2.511337954092089149e+02
2.602666520656995317e+02
-1.949676599731233182e+02
2.543074836535970746e+02
3.189672153689917309e+02
-2.604330707473084203e+02
-3.591323617616322394e+01
-4.887835552491030455e+01
8.542746605556733641e+01
2.802400731587798077e+01
-1.663407594203318638e+02
2.547609880595655625e+02
-2.515513302453610152e+02
2.548201246592747680e+02
3.230496733113047867e+02
-2.625678349566035763e+02
-1.827721626321418569e+01
-4.548644940032592388e+01
1.055868568313996150e+02
6.626223890898464752e+00
-8.583771099883482236e+01
2.444861124819007330e+02
-2.596853465935720919e+02
2.613488732810481565e+02
3.133926208057355893e+02
-2.766181906182584385e+02
-1.879264818258953751e+00
-6.921713421759757523e+01
1.050637061566126249e+02
-8.225682423612941108e+00
-5.454884429631723464e+01
2.558704124319721984e+02
-2.642359342432737890e+02
2.619340169268497789e+02
2.875296647893981117e+02
-2.718322840113557959e+02
-4.493006101220444748e+00
-8.394707007673029864e+01
1.025589069151197918e+02
-6.936564202033501658e+00
-4.237330231436593486e+00
2.367333281518799026e+02
-2.507045475723745085e+02
2.695240894791169239e+02
2.641899664881134413e+02
-2.671596128898763141e+02
-8.608522130871527622e-01
-1.024384085761773662e+02
9.922696234691819939e+01
-2.002009168032264341e+01
7.204895587727301631e+01
9.197748024598956817e+01
-2.118331782110008703e+02
2.474814601103051643e+02
2.580134644022843418e+02
-3.388926442537435832e+02
7.728826306606865160e+01
-1.248629517446401280e+02
2.403489198490821988e+00
-1.099305661697190288e+02
7.204895587727301631e+01
9.197748024598956817e+01
-2.118331782110008703e+02
2.474814601103051643e+02
2.580134644022843418e+02
-3.388926442537435832e+02
7.728826306606865160e+01
-1.248629517446401280e+02
2.403489198490821988e+00
-1.099305661697190288e+02
1.701270357004754317e+02
-6.552135241570955770e+01
-2.037610664613311258e+02
2.435006138338952724e+02
2.442854795292807353e+02
-3.457861154706658908e+02
1.719876549732325657e+02
-3.482838106251567467e+01
3.369460649829449039e+01
-1.470071539833768384e+02
2.730164331789370067e+02
-1.978496980841963477e+02
-1.994355099603294832e+02
2.315311873375450773e+02
2.399460836105677686e+02
-3.110004835189367896e+02
1.841550517006191114e+02
4.312422977462352236e+01
9.102844552080620133e+01
-1.151995507455510932e+02
3.693685347812995587e+02
-2.589351980488428353e+02
-1.913893926139410553e+02
2.271639195728198786e+02
2.323053035024655060e+02
-2.784061543336902105e+02
1.586538337385399586e+02
1.724950008434754523e+01
1.359001064066540323e+02
-7.284528578807899635e+01
4.816622914078533313e+02
-3.079491130647213595e+02
-1.710700427658993306e+02
2.387492240229755396e+02
2.426668526700438235e+02
-2.204549487901142584e+02
1.233893990233664937e+02
-2.205253813906371008e+01
2.056890873546806517e+02
-6.871049330037456571e+01
4.816622914078533313e+02
-3.079491130647213595e+02
-1.710700427658993306e+02
2.387492240229755396e+02
2.426668526700438235e+02
-2.204549487901142584e+02
1.233893990233664937e+02
-2.205253813906371008e+01
2.056890873546806517e+02
-6.871049330037456571e+01
5.720507299085684281e+02
-3.242803765185316252e+02
-1.530026286592203348e+02
2.691917675871515030e+02
2.147149184115914409e+02
-1.310116786622926952e+02
6.224429210453954653e+01
-6.770392522089238696e+01
2.353878517905876606e+02
-1.120178807602859337e+02
6.358466811568274579e+02
-3.226321874890121535e+02
-1.616985450944935963e+02
3.141739661452518817e+02
2.015250815865979064e+02
-3.044746966316591852e+01
1.928934325845731124e+01
-1.092147347219744802e+02
1.862812758850416515e+02
-1.392335680116597985e+02
6.040491885465502264e+02
-2.457884209876228851e+02
-1.835229818145433569e+02
3.166546318531164275e+02
1.726211707345878779e+02
3.507685400251152430e+01
-4.735320549067025553e+01
-2.322953006049714872e+02
8.148192388444002177e+01
-1.490231780896077396e+02
5.823814178078725945e+02
-2.040094874383237880e+02
-1.892280809994062167e+02
3.239471654244534307e+02
1.548043029643705779e+02
5.381431750705913686e+01
-3.871348848734936610e+01
-2.750505595435895430e+02
2.924711635440557345e+01
-1.443689317286500113e+02
6.087313848202736608e+02
-2.258505525745768239e+02
-1.860796345372598921e+02
3.343598531159407230e+02
1.426777236082763523e+02
7.437725090886239343e+01
-9.437231397306725000e+00
-2.417092185080006175e+02
1.598214179186816608e+01
-1.075555524611378360e+02
6.087313848202736608e+02
-2.258505525745768239e+02
-1.860796345372598921e+02
3.343598531159407230e+02
1.426777236082763523e+02
7.437725090886239343e+01
-9.437231397306725000e+00
-2.417092185080006175e+02
1.598214179186816608e+01
-1.075555524611378360e+02
6.619097014945134561e+02
-2.627289307811610115e+02
-1.732316025163229938e+02
3.501719834096849127e+02
1.346846009364545864e+02
7.439128265262594653e+01
2.577922785467135824e+01
-2.190236639955014653e+02
-4.949390530427828061e+00
-6.969230936648249042e+01
6.825516534645204274e+02
-2.990919244098674881e+02
-1.578141814731434636e+02
3.505210623829616452e+02
1.087645787805939648e+02
7.499153474246178064e+01
4.868085990766349624e+01
-2.116334774855251908e+02
-2.484761670003352663e+01
-5.007157281275686955e+01
6.235214782959427566e+02
-2.979350800568719819e+02
-1.651695713155161798e+02
3.349941801529029703e+02
8.196277705430696869e+01
9.736714697311921896e+01
5.601188423303941022e+01
-1.751969832118750503e+02
-5.383474122150696672e+01
-3.579916346891128853e+01
6.047209697025406285e+02
-3.076784169773167719e+02
-1.436636159839405309e+02
3.108331254744585408e+02
1.132725298438212320e+02
1.141792000913218317e+02
5.839461814091252734e+01
-1.581681141553147540e+02
-3.836203543573761010e+01
-1.815493520802252903e+01
5.919438801018504819e+02
-2.790251066174282073e+02
-1.378159460938186385e+02
3.138897528655216433e+02
1.219363457629875143e+02
9.248251772594595366e+01
6.340134828211833451e+01
-1.687367701496721963e+02
-2.834854612527383821e+01
-2.592374764325908298e+00
5.919438801018504819e+02
-2.790251066174282073e+02
-1.378159460938186385e+02
3.138897528655216433e+02
1.219363457629875143e+02
9.248251772594595366e+01
6.340134828211833451e+01
-1.687367701496721963e+02
-2.834854612527383821e+01
-2.592374764325908298e+00
5.938511025054691572e+02
-2.495045842034631676e+02
-1.625958060276761046e+02
3.161639404150001837e+02
1.113186295058824697e+02
1.040151340863446734e+02
5.057651866383478279e+01
-1.528173571138164277e+02
-9.266552153219295818e+00
-4.299527112913322568e+00
6.037425996174907823e+02
-2.305347069957605015e+02
-1.965627721770582923e+02
3.042891342553545542e+02
9.994676160787051344e+01
4.987956805101028834e+01
5.040977299948023216e+01
-1.787089306339632344e+02
-3.913546738166509442e+01
3.261732408271313233e+01
6.177460786402753001e+02
-2.311228879469552453e+02
-1.939895847855765680e+02
3.068828384338087858e+02
1.185565054836177694e+02
1.559714788843009359e+01
7.067763886300460285e+01
-1.966765231672177094e+02
-9.672283202778987743e+01
2.884286640373054666e+01
6.565440633452864176e+02
-2.667810254921568571e+02
-1.810495898566664721e+02
3.090358755938315198e+02
1.166850338773813007e+02
3.805517881068649899e+01
7.856291376275990501e+01
-1.934971026298769630e+02
-1.090603279806225316e+02
1.416357339870230270e+01
6.793024755758862057e+02
-2.709928818923000904e+02
-1.482670621745159565e+02
3.016575912757244851e+02
6.309424359878843092e+01
3.544454310248601558e+01
7.955478427959755550e+01
-1.855117042374150742e+02
-1.031465706244671452e+02
5.926269809939336852e+01
6.793024755758862057e+02
-2.709928818923000904e+02
-1.482670621745159565e+02
3.016575912757244851e+02
6.309424359878843092e+01
3.544454310248601558e+01
7.955478427959755550e+01
-1.855117042374150742e+02
-1.031465706244671452e+02
5.926269809939336852e+01
6.675854621235718014e+02
-2.627563283113549346e+02
-1.490209625757933907e+02
2.970159146909362562e+02
-4.969437668111624617e+01
5.981929787374423313e+01
4.354259077511520815e+01
-1.787486192880647877e+02
-1.369618207485260655e+02
7.406354175633352099e+01
6.042424548738736121e+02
-2.838439740864229179e+02
-1.534047162351453721e+02
2.848321023596105874e+02
-7.839488828372191165e+01
9.824755341463688296e+01
8.616357761596238163e+01
-8.222746495502400421e+01
-1.249862735623853922e+02
9.051668700397652856e+01
5.596383046402012269e+02
-3.044981511445204774e+02
-1.571376871317367545e+02
2.614703817284725460e+02
-9.951053751199185626e+01
1.982929020409324323e+02
9.648867167938600176e+01
5.760452177600434709e+01
-5.423599344639836772e+01
1.240577740585871283e+02
4.888848804350386672e+02
-3.249523504945200330e+02
-2.234777254403396682e+02
2.371304448753628833e+02
-9.640650929327611607e+01
2.880734079420762441e+02
9.129552242288265518e+01
1.222360504294535417e+02
2.109560386382138475e+01
9.880377800319294579e+01
4.858903566336484232e+02
-3.111738631590709474e+02
-2.580542095752749674e+02
2.491491116613316024e+02
-1.043991245785527440e+02
3.254517124833998878e+02
5.411123469631266403e+01
1.204889554647007230e+02
3.751653532205510544e+01
8.935969821853124984e+01
4.858903566336484232e+02
-3.111738631590709474e+02
-2.580542095752749674e+02
2.491491116613316024e+02
-1.043991245785527440e+02
3.254517124833998878e+02
5.411123469631266403e+01
1.204889554647007230e+02
3.751653532205510544e+01
8.935969821853124984e+01
4.235913207742248119e+02
-1.873487056715214578e+02
-2.990250390893826307e+02
2.539486321327101734e+02
-1.248507507735541964e+02
3.791706732282682992e+02
-2.526973863629870820e+01
1.109334922883756036e+02
6.584994084054794428e+01
1.548293284880097360e+02
3.729187664475844031e+02
-9.450000683170901539e+01
-3.054596735030137324e+02
2.425106822949209686e+02
-1.333602164190957069e+02
3.666643489747066837e+02
-8.641561088673581992e+01
3.852119858722212342e+01
2.403844012912652062e+01
1.602439852289481053e+02
2.968167433265764430e+02
-6.598510132961353136e+00
-3.206017252574620784e+02
2.309677941230765441e+02
-1.455700950441666350e+02
3.348880351556476285e+02
-1.267136025129270962e+02
-7.186982126144474137e+01
-7.246775134990807032e+01
9.275754644252185699e+01
2.191633267712808504e+02
3.585893943172128928e+01
-3.306004537993810573e+02
2.220359666136806709e+02
-1.293550982004599348e+02
2.745222405297812998e+02
-8.656809293847922504e+01
-8.709734878778188261e+01
-1.233630266588558868e+02
1.607642932998832208e+01
1.401296447329856107e+02
7.843761302347498088e+01
-3.451885372055265293e+02
1.853926158395943276e+02
-1.285690637401738172e+02
1.980514578529515575e+02
-5.484296215358765636e+01
-5.525616265964534080e+01
-1.905981929473967398e+02
3.326735693358705337e+00
1.401296447329856107e+02
7.843761302347498088e+01
-3.451885372055265293e+02
1.853926158395943276e+02
-1.285690637401738172e+02
1.980514578529515575e+02
-5.484296215358765636e+01
-5.525616265964534080e+01
-1.905981929473967398e+02
3.326735693358705337e+00
1.011924217172445708e+02
8.015896469786316914e+01
-3.699847923877252924e+02
1.376575985014465004e+02
-1.377308901222071995e+02
1.379801732362172686e+02
-4.294664175306773046e+01
-2.593530893744958732e+01
-2.148075586052896710e+02
2.111088179463084558e+01
1.048261860892609150e+02
7.812913535609777682e+01
-3.737658582353045063e+02
1.258296277128528828e+02
-1.405996047107587117e+02
1.193773730978493148e+02
-3.809735703112068705e+01
-1.055911909637287494e+01
-2.222217701010914652e+02
2.692512907309968639e+01
1.113905073367915151e+02
7.110116450454775361e+01
-3.789003751874462296e+02
1.215226187590756837e+02
-1.390182079868001210e+02
1.122954626396001316e+02
-3.415775858252791153e+01
7.704420707255216882e+00
-2.321607551939485745e+02
2.135429729671999510e+01
1.187498368182852886e+02
5.542570283046501345e+01
-3.825398460554173994e+02
1.017764267432066276e+02
-1.517211930879052204e+02
9.924810058165728321e+01
-2.970080746209034928e+01
3.316824984455733016e+01
-2.355894150450054383e+02
2.102617324546780964e+01
1.187498368182852886e+02
5.542570283046501345e+01
-3.825398460554173994e+02
1.017764267432066276e+02
-1.517211930879052204e+02
9.924810058165728321e+01
-2.970080746209034928e+01
3.316824984455733016e+01
-2.355894150450054383e+02
2.102617324546780964e+01
1.509151557301490243e+02
2.334574951423379829e+01
-3.653104504886306927e+02
9.852209657210201499e+01
-1.590525104463285118e+02
9.407643717275367123e+01
-8.895515148412362905e+00
5.895284342263875743e+01
-2.168977047179062367e+02
1.942546195210375970e+01
1.948242187041362570e+02
-1.108028673469997472e+01
-3.578908471191505214e+02
9.338985610552437322e+01
-1.661820371800830003e+02
1.002218742203482549e+02
-2.508690244853502893e+00
1.088192052555554881e+02
-1.582566917815284171e+02
5.465515275412932539e+01
2.256360757759971989e+02
-2.426085487661298146e+01
-3.665301796873196167e+02
7.807606550616543473e+01
-1.900460902085000896e+02
1.169764896835807093e+02
-2.554297301067298775e+01
1.228577294700920532e+02
-1.184824099868168048e+02
6.995928220674987585e+01
2.257958947403983245e+02
-3.527930216890592874e+01
-3.726308187474398892e+02
4.477254865549411278e+01
-2.001262184536628865e+02
1.114080559170162985e+02
-4.867974614041097681e+01
9.849574598093816746e+01
-1.109159716637835800e+02
5.566229532852085526e+01
2.110355827691248294e+02
-8.902670960482696572e+00
-3.789154799483723650e+02
5.551550058593464954e+00
-2.241751868522095208e+02
1.332449148365854228e+02
-1.092031674581495366e+02
5.611414067875178802e+01
-8.457630718253170699e+01
5.493995160856058391e+01
2.110355827691248294e+02
-8.902670960482696572e+00
-3.789154799483723650e+02
5.551550058593464954e+00
-2.241751868522095208e+02
1.332449148365854228e+02
-1.092031674581495366e+02
5.611414067875178802e+01
-8.457630718253170699e+01
5.493995160856058391e+01
2.108470823370462597e+02
-2.450308566776967290e+00
-3.806861514616404065e+02
-4.510413735854412209e+01
-2.537647585823214627e+02
1.564900822380016905e+02
-1.570117810694670197e+02
7.711838415770473354e-01
-6.365081534269722852e+01
4.360131929279710050e+01
1.830319394094498477e+02
2.031824836755077257e+01
-3.819813081584554197e+02
-7.472468363362021648e+01
-2.642864072834545937e+02
1.502069910335532086e+02
-1.764233921070681390e+02
-5.122498472078851250e+01
-8.521928284736870296e+01
1.036623245687649053e+01
1.809106298243964090e+02
2.869436671885587842e+01
-3.950579135859037478e+02
-1.008375789647145098e+02
-2.806833190669237865e+02
1.303071137743569636e+02
-1.663825932433246919e+02
-8.027583181187951311e+01
-9.842696234981043801e+01
-2.468808545807752708e+01
1.881859648416987909e+02
3.981124877565649456e+01
-4.058224626589786226e+02
-1.111809969223796202e+02
-2.973566542047024086e+02
1.242419864533821681e+02
-1.575702090286430632e+02
-8.291081200245611171e+01
-8.853544694973209062e+01
-3.313004277058428926e+01
1.647714406348094656e+02
3.279626859888315238e+01
-3.835877730766497962e+02
-1.135190622531638525e+02
-2.978133216382385626e+02
9.829658244915414400e+01
-1.545290893414446316e+02
-9.832262902541052085e+01
-1.083811446746925924e+02
-4.892975168389670415e+01
1.647714406348094656e+02
3.279626859888315238e+01
-3.835877730766497962e+02
-1.135190622531638525e+02
-2.978133216382385626e+02
9.829658244915414400e+01
-1.545290893414446316e+02
-9.832262902541052085e+01
-1.083811446746925924e+02
-4.892975168389670415e+01
1.819745301876902488e+02
-5.273888831919775555e+01
-3.478318639919047541e+02
-1.362595664130975024e+02
-3.068557426616248449e+02
5.779057973087019207e+01
-1.255507996008560525e+02
-1.196091697625812458e+02
-1.396258324556160915e+02
-8.949611641770498238e+01
2.565664205306642316e+02
-1.678268966715990018e+02
-3.247362209705149212e+02
-1.478971031463322277e+02
-3.095885186241073939e+02
2.326287969944161205e+00
-4.563509243651009939e+01
-8.973697733246874009e+01
-1.943786630062141398e+02
-1.810366225340428343e+02
3.049986307715581688e+02
-2.562756999425864706e+02
-2.966617890576798686e+02
-1.364777363574061724e+02
-3.180509976369763763e+02
-2.773657775962216121e+01
3.770986657163852840e+01
-1.830446228261228825e+01
-1.553367587593145629e+02
-2.209861555033170077e+02
3.692006386448717308e+02
-3.235848232795595436e+02
-2.669747371637029119e+02
-1.157179553370625342e+02
-3.158406473645741812e+02
-3.613927452604772839e+01
8.022952582829694279e+01
6.193597277213600449e+01
-6.946406774315224197e+01
-2.045362756937954316e+02
4.398660178444139319e+02
-3.616741358238543853e+02
-2.528725100738652429e+02
-1.034602867554305732e+02
-3.342958100306503297e+02
-6.016818216127952645e+00
7.520588786609033605e+01
1.371378292688937961e+02
8.534143240115350082e+00
-1.366181812721701192e+02
4.398660178444139319e+02
-3.616741358238543853e+02
-2.528725100738652429e+02
-1.034602867554305732e+02
-3.342958100306503297e+02
-6.016818216127952645e+00
7.520588786609033605e+01
1.371378292688937961e+02
8.534143240115350082e+00
-1.366181812721701192e+02
5.222885540204465542e+02
-3.721100752153400322e+02
-2.285784114531756472e+02
-8.659664166571327826e+01
-3.435624799298227003e+02
1.712198929658782287e+00
4.439350990367207572e+01
1.609727730424117453e+02
6.121781942431195489e+01
-1.080882437024849310e+02
5.842035024409045718e+02
-3.636112217142157306e+02
-1.811694009853822536e+02
-3.433942330203596072e+01
-3.425605597992953335e+02
6.701793821376296023e+01
7.897177022904040555e-01
1.668707521132331522e+02
1.370899513887835326e+02
-1.117499501173365246e+02
6.273170117489306676e+02
-3.199348174214585470e+02
-9.982437593402808318e+01
2.452347833445733372e+00
-3.559701658816454142e+02
4.310540867187299341e+01
-3.368089223155903511e+01
1.438901221844032818e+02
1.251121092382793449e+02
-9.230735551157158625e+01
8.003446743757265267e+02
-2.762533565657950021e+02
3.392137023085192027e+01
4.841701292686762770e+01
-3.779486960622038509e+02
-8.907689963145364231e+01
-9.189920058641267531e+01
4.962338661987249111e+01
7.582824499979201960e+01
-6.991965011484269077e+00
8.950750947442101051e+02
-2.383679577664704254e+02
1.001197083467420867e+02
6.842659692042626318e+01
-3.613595719390784780e+02
-1.903052891901247108e+02
-1.226717981475740515e+02
1.228943300107855130e+01
4.685591337909194465e+01
-3.927113687745851234e+00
8.950750947442101051e+02
-2.383679577664704254e+02
1.001197083467420867e+02
6.842659692042626318e+01
-3.613595719390784780e+02
-1.903052891901247108e+02
-1.226717981475740515e+02
1.228943300107855130e+01
4.685591337909194465e+01
-3.927113687745851234e+00
8.929902151808337294e+02
-2.264732240151218434e+02
1.228561006043554187e+02
6.924499733826075953e+01
-3.554780493392614744e+02
-2.149500602658179673e+02
-1.313535561900148707e+02
-4.356332720340163611e+00
3.062273210689665959e+01
-3.155097452045235329e+01
8.946017512382611585e+02
-2.231351862752452178e+02
1.463188040757866304e+02
7.781436024659615214e+01
-3.425405518333837449e+02
-2.248200538044574444e+02
-1.393965876959640298e+02
1.947305468106051540e+00
4.589214557553401619e+01
-7.374603106348151016e+01
9.134271179996085266e+02
-2.318920544485960136e+02
1.544432726764590313e+02
7.402856664816627585e+01
-3.325559865465733083e+02
-2.415761251870872002e+02
-1.453993051941239401e+02
3.068485873513782280e+01
5.842944771353751321e+01
-8.782658001091986932e+01
9.405219687939068081e+02
-2.305507400032253429e+02
1.600547566411321725e+02
4.117487233715956307e+01
-3.188930283973906512e+02
-2.635367890766813730e+02
-1.682280303080110286e+02
5.679060155484871331e+01
5.914031997020477860e+01
-6.424921468791431778e+01
9.660520756447058375e+02
-2.055095879883856185e+02
1.772925486043894523e+02
6.568882321769707211e+00
-3.105759999088970744e+02
-2.538105801521201101e+02
-2.152201236834376346e+02
6.594078535347621539e+01
7.887958188629879430e+01
-4.194568264250069944e+01
9.660520756447058375e+02
-2.055095879883856185e+02
1.772925486043894523e+02
6.568882321769707211e+00
-3.105759999088970744e+02
-2.538105801521201101e+02
-2.152201236834376346e+02
6.594078535347621539e+01
7.887958188629879430e+01
-4.194568264250069944e+01
9.829382422345862551e+02
-1.746789379582027379e+02
1.952274557232682355e+02
-6.513361775644492369e+00
-3.135894948522137042e+02
-2.316673433765832328e+02
-2.518917966280453413e+02
6.618544493785414318e+01
9.179326711341097678e+01
-4.796506965756849894e+01
9.883042199710522482e+02
-1.572171948568449693e+02
1.989942393902722415e+02
-5.090300146643224721e+00
-3.097012520063641432e+02
-2.272681591127421825e+02
-2.641553177311611194e+02
6.486125360489195657e+01
8.127949506101343502e+01
-6.473110599783447583e+01
9.996036828505185667e+02
-1.314623925469702215e+02
2.014531210520389095e+02
-1.816118448058034218e+01
-3.003207987510060661e+02
-2.295305755381202459e+02
-2.660729072598051062e+02
7.178904058630884322e+01
6.761280128564926883e+01
-7.670329717676482062e+01
9.933829471623333802e+02
-1.225704367197930083e+02
2.278583766615930415e+02
-3.252316517853677169e+01
-2.934584320945834293e+02
-2.356939627575321765e+02
-2.285985691653788763e+02
7.501702111839533416e+01
7.660645028925999611e+01
-9.968621624394101843e+01
9.933829471623333802e+02
-1.225704367197930083e+02
2.278583766615930415e+02
-3.252316517853677169e+01
-2.934584320945834293e+02
-2.356939627575321765e+02
-2.285985691653788763e+02
7.501702111839533416e+01
7.660645028925999611e+01
-9.968621624394101843e+01
9.906035744814907957e+02
-1.008704110290877338e+02
2.405082683661411522e+02
-3.756215700788759193e+01
-2.852757165201220459e+02
-2.212380556299562215e+02
-2.164213122895827439e+02
8.153527452037567969e+01
9.472208445822539602e+01
-9.424783325918140520e+01
9.988511071877312588e+02
-8.876520213043633589e+01
2.453741956590956192e+02
-3.144790441128667524e+01
-2.682558070086668636e+02
-2.142440144965293030e+02
-1.738459789068199370e+02
1.084811003105110387e+02
1.061156631721959656e+02
-8.258975993590073017e+01
1.005875559154150210e+03
-5.318450785843086948e+01
2.614001777278822374e+02
-3.801866525648583917e+01
-2.592721362195180177e+02
-1.963002273402205731e+02
-1.313296961032343688e+02
1.172627437285100882e+02
1.342170503967584239e+02
-3.005536340176809063e+01
1.028242012184950909e+03
1.077161589983389511e+00
2.838137249158193072e+02
-1.864850687944617036e+01
-2.531794644331290556e+02
-1.488875332168622663e+02
-1.009476960020840721e+02
9.650519296632623423e+01
1.365678598752236894e+02
2.990634932877855690e+01
1.029727110845176412e+03
5.527846602566216205e+01
2.849480561790018101e+02
3.312262253050845207e+00
-2.414175884159862164e+02
-8.329938357180218134e+01
-8.396830824418030659e+01
6.826581843307023689e+01
1.350898790272360088e+02
7.445537963130681192e+01
1.029727110845176412e+03
5.527846602566216205e+01
2.849480561790018101e+02
3.312262253050845207e+00
-2.414175884159862164e+02
-8.329938357180218134e+01
-8.396830824418030659e+01
6.826581843307023689e+01
1.350898790272360088e+02
7.445537963130681192e+01
9.801362588119601469e+02
1.480741762666933141e+02
2.537679586852031832e+02
1.818286418579701547e+01
-2.257736760046508664e+02
-1.901231237116139283e+01
-8.584096236400415592e+01
6.728029126255047743e+01
1.662759794116350065e+02
1.276086196021656605e+02
9.630937932191856135e+02
2.193052927575655247e+02
2.118730864200478834e+02
-1.092652297543531992e+00
-2.075246609408277720e+02
1.260000632471359161e+01
-6.082329689575356468e+01
2.071833653400681996e+01
1.400259976746058044e+02
1.871806569854724387e+02
9.680967503384388237e+02
2.668466282035814174e+02
2.109121782552834645e+02
-3.116899091510296671e+01
-1.892301169760124253e+02
-1.286267166693208353e+01
-6.834229377455289978e+01
-5.118549719231926076e+01
9.506460700482395509e+01
2.030416955351919341e+02
9.396060182419874991e+02
3.147486352312778308e+02
1.895858898840487257e+02
-9.050217085454831079e+01
-1.748873925722266165e+02
-5.485945744356269671e+01
-6.886293060570996261e+01
-1.408580418095133666e+02
1.659974736755778446e+00
1.783969561643052373e+02
9.080485568946166950e+02
3.200464124056986179e+02
1.929973793350703488e+02
-1.195129389338243300e+02
-1.547603930334485085e+02
-1.138668559115880612e+02
-2.369042556825595014e+01
-2.199319056430007890e+02
-9.886304913669474104e+01
9.713382289150524684e+01
9.080485568946166950e+02
3.200464124056986179e+02
1.929973793350703488e+02
-1.195129389338243300e+02
-1.547603930334485085e+02
-1.138668559115880612e+02
-2.369042556825595014e+01
-2.199319056430007890e+02
-9.886304913669474104e+01
9.713382289150524684e+01
8.733845978553583791e+02
3.253453341591448975e+02
2.015219428094474097e+02
-1.260432818214161586e+02
-1.266396342156376988e+02
-2.122866068186776829e+02
7.852944613666009843e+01
-2.351821131155327578e+02
-1.965199787541333478e+02
2.189619705069739908e+00
8.346676156346733251e+02
3.186550396017435673e+02
1.848085497547808131e+02
-1.598525444226630441e+02
-1.182716779456873866e+02
-3.251443461079843473e+02
1.829764730449201124e+02
-1.720730768696382142e+02
-2.353645246002194540e+02
-3.381130353659495569e+01
8.488297780284719920e+02
3.071158185786583203e+02
1.608296187997351581e+02
-1.422535558965520295e+02
-1.025074639849689646e+02
-3.676652448862039364e+02
2.671968807318660879e+02
-5.285386664087563702e+01
-1.792159486493506222e+02
-1.422311333879807904e+00
8.874291652459492070e+02
3.193649636703266879e+02
1.507184611800335006e+02
-9.973766837478510183e+01
-9.599802738282538428e+01
-3.299959624510912590e+02
2.730020124606414811e+02
3.362055077476907172e+01
-8.509506558391231579e+01
6.755375858290459234e+01
9.105748549037217572e+02
3.388859323542693573e+02
1.340268815183573281e+02
-6.432443914831681298e+01
-9.468124325788946294e+01
-2.678329879379093086e+02
2.403845969478524580e+02
8.678118136839894703e+01
1.773911837979230910e+01
1.545913724605962329e+02
9.105748549037217572e+02
3.388859323542693573e+02
1.340268815183573281e+02
-6.432443914831681298e+01
-9.468124325788946294e+01
-2.678329879379093086e+02
2.403845969478524580e+02
8.678118136839894703e+01
1.773911837979230910e+01
1.545913724605962329e+02
9.430606306555953324e+02
3.761881511088524803e+02
1.241398322803887027e+02
-5.106352942380798510e+01
-9.270510498509787567e+01
-2.005465167621175056e+02
1.772477505576933936e+02
7.396544630986920765e+01
5.712091133175069047e+01
2.563401300651059387e+02
1.003356319324347169e+03
4.241015049561041792e+02
1.111279718737488338e+02
9.907468280485806744e+00
-8.251977665747942581e+01
-6.119540733695683343e+01
7.281092237304368098e+01
1.496956466838034494e+01
8.967972830705500087e+01
2.882574030393486169e+02
1.007270516000073144e+03
4.722964179307688255e+02
8.571323242627211414e+01
3.196731730903816882e+01
-1.145290583773875284e+02
3.638487260550557778e+01
-1.498238950584499385e+01
-8.032095506163638277e+01
4.671223665327072183e+01
2.139986729499617581e+02
9.701696367623901551e+02
5.343908498966857223e+02
7.698027254644171080e+01
6.400326920713708034e+01
-1.213168314701565720e+02
5.265240564678491353e+01
-3.647996413215259537e+01
-1.373031324857743414e+02
-7.954090297958059663e-01
1.756264992369243885e+02
9.243876525835307802e+02
5.289186341543418166e+02
8.274133665963822182e+01
3.829689119680021037e+01
-1.113444683761458123e+02
1.722192960981203669e+00
4.603177723603668614e-01
-1.709894985122775779e+02
-8.858924256861480728e+01
9.736337219874985749e+01
9.243876525835307802e+02
5.289186341543418166e+02
8.274133665963822182e+01
3.829689119680021037e+01
-1.113444683761458123e+02
1.722192960981203669e+00
4.603177723603668614e-01
-1.709894985122775779e+02
-8.858924256861480728e+01
9.736337219874985749e+01
9.471682993771438532e+02
4.029450190953014612e+02
9.749784175165972044e+01
-3.704961652273627948e+01
-1.214154697287639380e+02
-8.389439372250309646e+01
6.958096493416064732e+01
-1.787550584682216481e+02
-1.813165954654419636e+02
-1.348027748658448433e+00
9.317645254653358506e+02
3.406993713013724800e+02
8.091606134183962240e+01
-3.147629122578008776e+01
-9.484996474288318780e+01
-2.159263150080390687e+02
2.148576037116390864e+02
-9.415809001805341438e+01
-2.680042592628223588e+02
-1.038302864038302431e+01
7.840657282400036365e+02
2.081524570991143435e+02
5.853297231749925800e+01
-1.348554438586139952e+02
-1.163985770524836738e+02
-1.926618413711745745e+02
2.961002474047122632e+02
9.332873405513034015e+01
-1.979814708822360103e+02
1.019778211974449711e+01
6.497693475106550522e+02
7.534591542464255554e+01
2.149814432792850738e+01
-2.499343143855329572e+02
-7.810864785457397375e+01
-9.117149971747139148e+01
3.400815655069906711e+02
2.625468418912452080e+02
-1.338892178612682358e+02
-7.860857229704951710e-01
6.693278262286276004e+02
1.821285215289326587e+01
7.356632146707643471e+01
-2.929008606134638057e+02
-4.346887420871118479e+01
-1.790486071759300080e+00
3.248342847556098150e+02
3.234346517337743876e+02
-9.943884728526347772e+01
5.209877367926321767e+01
6.693278262286276004e+02
1.821285215289326587e+01
7.356632146707643471e+01
-2.929008606134638057e+02
-4.346887420871118479e+01
-1.790486071759300080e+00
3.248342847556098150e+02
3.234346517337743876e+02
-9.943884728526347772e+01
5.209877367926321767e+01
6.540840232435155031e+02
-1.753426221691474751e+01
8.076093777981628818e+01
-3.045321408752743082e+02
-4.416963482945386232e+01
8.030936550251523443e+01
2.775171230102790219e+02
3.221887305359133506e+02
-3.532124557198339954e+00
2.150004364275838498e+01
6.926455676026494075e+02
-5.740829379408395283e+01
6.464623785135053424e+01
-2.981621789661166417e+02
-6.121434619864734117e+01
2.397221306201476807e+02
2.074479783305980902e+02
3.070905865161189467e+02
2.759054724046591289e+01
-7.339355750679294488e+01
7.952744115302856471e+02
-3.674600675380251857e+01
8.916527308563010479e+01
-2.599220637550506012e+02
-2.352098575014458248e+01
3.439913095759859516e+02
1.706622163494574522e+02
2.471432552152939763e+02
-7.533381863498473763e+01
-4.251126828990868489e+01
1.081199391629534603e+03
6.066331069996120817e+01
2.470645551721905520e+02
-1.914135670078964324e+02
3.437489519449439968e+01
2.042045027196373610e+02
1.046992843053597682e+02
7.529794438806831636e+01
-1.278221003690024560e+02
8.633075315599548105e+01
1.081199391629534603e+03
6.066331069996120817e+01
2.470645551721905520e+02
-1.914135670078964324e+02
3.437489519449439968e+01
2.042045027196373610e+02
1.046992843053597682e+02
7.529794438806831636e+01
-1.278221003690024560e+02
8.633075315599548105e+01
1.232941045450624642e+03
9.618081536068015680e+01
2.761171665849044530e+02
-1.834013741216305675e+02
1.573255482047200644e+02
9.195951958408635107e+01
4.309219041199861522e+01
-1.311831356548234417e+01
-1.281511833386354908e+02
1.100645397851703677e+02
1.277647280671693579e+03
1.128110381946347900e+02
2.367110590444572154e+02
-1.974743901120559997e+02
3.255983715409394108e+02
8.113182718678991989e+01
1.564111487863732108e+01
6.279849991814146826e+00
-1.279561335227539871e+02
5.343536559307565881e+01
1.292593407431896139e+03
1.225784343618687302e+02
2.221259687251871640e+02
-2.068664756075842774e+02
3.753987987000660951e+02
6.954669426834834667e+01
-4.985356707704514001e+00
-2.050410715216779867e+00
-1.006689595940858766e+02
3.083084087619395675e+01
1.293952386799694750e+03
9.431869894980866320e+01
2.193868739237867942e+02
-2.409774900858659521e+02
3.680662362713813991e+02
7.296098355516410550e+01
-2.938011260924385226e+01
-2.608478053017206832e+01
-8.362669351228828418e+01
1.046972510134263956e+01
1.290422869514098693e+03
7.297064814132167498e+01
2.161904487599076106e+02
-2.562580357436825125e+02
3.854880144931951236e+02
8.118368427437033574e+01
-4.140384276310625467e+01
-4.327170867467237514e+01
-7.753977444322505619e+01
3.826299117405961514e+00
1.290422869514098693e+03
7.297064814132167498e+01
2.161904487599076106e+02
-2.562580357436825125e+02
3.854880144931951236e+02
8.118368427437033574e+01
-4.140384276310625467e+01
-4.327170867467237514e+01
-7.753977444322505619e+01
3.826299117405961514e+00
1.291558299177053186e+03
7.427814199828691244e+01
2.128682545282274248e+02
-2.614353190776735687e+02
4.170801855921118317e+02
7.987838780705446595e+01
-5.777433968639983419e+01
-5.079157564533958436e+01
-6.151009380284551753e+01
5.444582946528507827e-01
1.288235270187295555e+03
6.036131157919664503e+01
2.094391448701382217e+02
-2.870559805232024360e+02
4.071583189095648549e+02
7.702725051319175975e+01
-7.987564661999667237e+01
-6.439142699306938766e+01
-5.004416681722654658e+01
-1.204019955806883813e+00
1.293096891604895291e+03
5.910970198294019440e+01
1.890904120663420542e+02
-2.840058985335804778e+02
4.225771350277632905e+02
7.537715816870883145e+01
-8.280171775371529463e+01
-6.287431801500245143e+01
-6.297994618918804832e+01
3.527798044511228248e+00
1.285726840184512184e+03
4.932877118850126408e+01
1.556331696970896417e+02
-2.922794997637691949e+02
4.316106845000483077e+02
8.534369665061150556e+01
-9.629692051957721333e+01
-7.092296447564284279e+01
-6.128647655281818629e+01
3.464281282179101140e+01
1.289069940287972031e+03
3.972079399145577128e+01
1.357738574234774660e+02
-3.126925845428622779e+02
4.454925586822311629e+02
9.896038780891583997e+01
-1.034832500923937175e+02
-7.265100525694762723e+01
-8.305003267936032785e+01
5.636341494274766006e+01
1.289069940287972031e+03
3.972079399145577128e+01
1.357738574234774660e+02
-3.126925845428622779e+02
4.454925586822311629e+02
9.896038780891583997e+01
-1.034832500923937175e+02
-7.265100525694762723e+01
-8.305003267936032785e+01
5.636341494274766006e+01
1.289393614217334061e+03
3.536868918670727169e+01
1.206553316371123685e+02
-3.139540034727398847e+02
4.625129562173318618e+02
1.100275000318034984e+02
-9.411488036506068511e+01
-7.540974017709777399e+01
-8.634042028203604957e+01
6.826306145854560725e+01
1.282944517051160801e+03
3.299177369127412618e+01
1.134452551341252047e+02
-3.117775799082847925e+02
4.733515626457846679e+02
1.121742325744616551e+02
-9.153004743660405040e+01
-8.506149195471832059e+01
-7.850771000930993182e+01
7.881826641006885836e+01
