5.482414186993464966e+01
4.075586440336160621e+01
2.249140138940463771e+02
-9.520765701999584607e+00
2.644067835577053529e+02
-4.464808438244349276e+01
-6.493612303802652086e+00
8.985422258479924551e+01
-4.872634880361618315e+01
-1.321530929140998012e+02
5.797989565607151263e+01
6.854240359515661396e+01
2.564681050300434322e+02
-7.541931680990598963e+00
2.471246844940546055e+02
-4.325787272762462976e+01
5.653579682465514011e+00
1.280478852588406937e+02
-5.362266263822921530e+01
-1.317967057456095858e+02
9.589829344593692895e+01
6.132238483919987004e+01
3.136237454022940483e+02
-6.254955203498204774e+00
2.441878025777842538e+02
-5.225830774345716634e+01
3.826598570230951069e+00
8.518433775869624469e+01
-1.004046317702569091e+01
-1.058924827742771271e+02
9.589829344593657368e+01
6.132238483919748973e+01
3.136237454022936504e+02
-6.254955203497627458e+00
2.441878025777856180e+02
-5.225830774345755714e+01
3.826598570230811625e+00
8.518433775869527835e+01
-1.004046317702627888e+01
-1.058924827742772976e+02
1.897455051307087217e+02
-1.700500334885798281e+01
4.662091649835001022e+02
-2.520539518763572318e+01
1.885015187212591172e+02
-4.494688480541640274e+01
-4.438242521660796314e+01
-3.279956973861749248e+01
2.947835458772728678e+00
-1.165106734062929945e+02
3.051379230152411424e+02
-6.336348235776441840e+01
6.422361558941403246e+02
-2.138322606635028578e+01
9.001849966666173941e+01
-3.169251750784620469e+01
-5.904716117828606059e+01
-6.800651987397985465e+01
-2.090654143858710068e+00
-1.621151194887902420e+02
4.807069117502716153e+02
-9.691394414511273681e+01
7.126799194275043874e+02
-2.468383897409997729e+01
2.855741971786217359e+00
-4.242235452445662958e+01
-7.929505568039553509e+01
7.103372613021737436e+01
2.274833583375840007e+01
-1.406843439547392620e+02
5.698635686065450727e+02
-1.610065293039460244e+02
7.500390207321687512e+02
-6.228940776862636142e+00
-4.409115934965898731e+01
-6.813250286770249886e+01
-6.064998285224092456e+01
9.286069865766276621e+01
2.152714081746201202e+01
-1.358790287962664252e+02
6.703791456462238330e+02
-2.276757730119501275e+02
7.462259031749407541e+02
5.227995925999765348e+01
-5.910065909967027409e+01
-1.277937535108837181e+02
-5.932456132077643218e+01
1.143664699915542116e+02
4.050538591984685866e+01
-1.314881820900087632e+02
6.703791456462239466e+02
-2.276757730119501275e+02
7.462259031749407541e+02
5.227995925999797322e+01
-5.910065909967033804e+01
-1.277937535108835760e+02
-5.932456132077587796e+01
1.143664699915548653e+02
4.050538591984729209e+01
-1.314881820900085927e+02
7.246928176847076202e+02
-2.022395328170196080e+02
7.739635923409698535e+02
7.884522475447363377e+01
-1.253016742316645704e+01
-1.610649559122165897e+02
-7.508929598299168617e+01
2.170208643451917965e+02
5.702219343403698559e+01
-9.468528369527651023e+01
8.060490636600972039e+02
-1.087583209960302710e+01
7.954627237187607989e+02
2.503683793053941713e+02
-6.817887988550795342e+01
-1.111694795297945149e+02
-7.366880338471229095e+01
3.216900074508075136e+02
1.729587510701163353e+02
-1.069750174881934441e+02
8.648436158075111280e+02
6.144932731387969227e+01
7.680673559274017634e+02
3.430882833008955117e+02
-1.506537428515067063e+02
-1.899953330547644157e+02
-4.069231624076673626e+01
3.209560104656193857e+02
2.254074665125127410e+02
-1.453014373934441608e+02
9.949074030461963503e+02
1.475087826249075817e+02
7.412009517529953655e+02
3.361729972815788301e+02
-1.253054346738477705e+02
-1.878275417253288140e+02
4.912115444875848169e+01
3.505654153102589135e+02
9.293277257851185880e+01
-1.372071177951610537e+02
1.073633606641581082e+03
2.816665553013675094e+02
6.258290778166689279e+02
3.597301359249506731e+02
3.978756320460702511e+01
-2.098463894976293318e+02
1.808111157726740998e+02
2.169817955088450674e+02
4.005924635326704220e+01
-3.420844989663902425e+01
1.073633606641581082e+03
2.816665553013675094e+02
6.258290778166690416e+02
3.597301359249506731e+02
3.978756320460702511e+01
-2.098463894976283370e+02
1.808111157726740998e+02
2.169817955088451527e+02
4.005924635326776695e+01
-3.420844989663885372e+01
9.468471329325209354e+02
1.700291210056398370e+02
5.555993948628347425e+02
3.194088629673860282e+02
1.211785179040291212e+02
-2.128831862342473471e+02
2.684285260412951288e+02
1.519153414471410883e+02
-1.068229403220455396e+02
3.377564092780343685e+01
7.539779860035620231e+02
-8.724736120756695357e+01
5.104687829739282847e+02
2.810227300995671840e+02
1.668563132148589716e+02
-1.285087919547623869e+02
2.231911115746840721e+02
1.481229849950524056e+02
-1.706247124807200350e+02
1.021281685146045248e+02
6.628583377437946638e+02
-1.511780451526484796e+02
4.396453088707369261e+02
3.589925731942449261e+02
2.255726064931281769e+02
-8.099941385394417637e+01
8.931373323010924992e+01
1.319520554127713012e+02
-9.346031416315875617e+01
9.943637178069522520e+01
5.758443212250357419e+02
-1.140492576804285250e+02
3.930115595585850201e+02
3.940966040181973540e+02
2.836313796691445077e+02
-3.083203271095675291e+01
-5.898189364734462004e+01
1.013524686599684657e+02
-1.632303050698136104e+01
1.418371938241650696e+02
5.758443212250357419e+02
-1.140492576804285250e+02
3.930115595585850201e+02
3.940966040181973540e+02
2.836313796691445646e+02
-3.083203271095675291e+01
-5.898189364734462004e+01
1.013524686599684657e+02
-1.632303050698136104e+01
1.418371938241650980e+02
5.507920291950575802e+02
-4.575334363655828440e+01
3.580485336490966120e+02
3.881856360056141284e+02
2.795552865877834279e+02
2.182857415616651764e+01
-1.023782243254313329e+02
4.658173292017649203e+01
2.165775692234856109e+01
1.667661553020482756e+02
4.857130579701346278e+02
1.026639710581182996e+01
3.618962226433241085e+02
2.730544710650044635e+02
2.120226038165786235e+02
1.375907904799611856e+02
-1.773355896297288155e+02
-2.301437876762870616e+01
4.813626750993199011e+01
2.125334959466059956e+02
4.153638675426581699e+02
3.519612050596948194e+01
3.773625427365606129e+02
1.798182307307255314e+02
3.541605451498836032e+01
2.507275436366227837e+02
-2.081396001695088955e+02
-5.267193966244285264e+01
7.038755206138212372e+01
2.678192054556823223e+02
3.627473112196538523e+02
3.096688273981398609e+01
3.594288946536581193e+02
1.341038701667797284e+02
-1.122939373729438017e+02
3.021102833236446372e+02
-2.016733685053950467e+02
-7.566417471579454457e+01
8.773106374558608422e+01
2.927729132814185391e+02
3.150713410046793115e+02
1.920601669227857755e+01
3.242045503569910352e+02
8.148746746378927241e+01
-1.571702209934160521e+02
3.110624340305529358e+02
-2.013295350126373933e+02
-1.131625234176077157e+02
9.329883662426811952e+01
2.816970234203212726e+02
3.150713410046793115e+02
1.920601669227857755e+01
3.242045503569910352e+02
8.148746746378927241e+01
-1.571702209934160521e+02
3.110624340305529358e+02
-2.013295350126373933e+02
-1.131625234176077157e+02
9.329883662426813373e+01
2.816970234203212726e+02
2.560651443390935924e+02
1.479276745719432462e+01
2.989213681753846004e+02
3.963429466464386763e+01
-1.884338585575658556e+02
3.101017248023002253e+02
-1.980543139982881655e+02
-1.158705489895340577e+02
8.970113183151418923e+01
2.659386406142930355e+02
2.118559877013146036e+02
6.783618110730171402e+00
2.774264704234745977e+02
-2.114643263948526197e+01
-2.024327803213918173e+02
3.026287654534734202e+02
-2.013352225782048492e+02
-1.297392781927989347e+02
9.726455737715035355e+01
2.358791314180653274e+02
1.776088896407406992e+02
1.385820381797057799e+00
2.497965676836174396e+02
-6.361858262534404673e+01
-2.363557107363612602e+02
2.995817252126167887e+02
-2.052602548626351791e+02
-1.195355151589460689e+02
1.013098770054513551e+02
2.124439075925280349e+02
1.446991036125508856e+02
1.441966548083271960e+00
2.324887934315364646e+02
-9.689834595684463636e+01
-2.407962596713567223e+02
2.951135883109884617e+02
-2.001303200893481460e+02
-1.043599223287015860e+02
1.024632491692097886e+02
1.982595517620762564e+02
1.251803125517429294e+02
1.834219978141042517e+01
2.338449443193675279e+02
-1.131256962412165876e+02
-2.030737078098255779e+02
3.035372417688727751e+02
-1.907152170661671846e+02
-6.547775312818799875e+01
9.398908704331790886e+01
1.447285220135027259e+02
1.251803125517429294e+02
1.834219978141042517e+01
2.338449443193675279e+02
-1.131256962412165876e+02
-2.030737078098255779e+02
3.035372417688727751e+02
-1.907152170661671846e+02
-6.547775312818799875e+01
9.398908704331790886e+01
1.447285220135027259e+02
9.384598026488464484e+01
8.297225134535748836e+00
2.083826312227991764e+02
-1.542737086573975205e+02
-1.976657818395320305e+02
2.489355475568862346e+02
-1.947773859453585601e+02
-8.204782026835346187e+01
1.048156364582489033e+02
1.295853335096668388e+02
7.993692562178615901e+01
-2.643959865100107720e+01
1.584355896643000676e+02
-2.054796767254074439e+02
-2.085020206067144954e+02
2.322756705016482783e+02
-1.876484580075528754e+02
-8.471213950641649149e+01
1.120364720461073631e+02
1.367020423696168336e+02
4.378175687345311928e+01
-7.119527079842248440e+01
1.266339626787658830e+02
-2.124476265896069549e+02
-1.669951697729783007e+02
2.148120498432445231e+02
-2.026052415126870017e+02
-8.976227349295429292e+01
1.661589482570468874e+02
5.366461472367444685e+01
4.956938083669191997e+01
-6.153067020585508828e+01
9.487900899612023409e+01
-2.560308701376633849e+02
-6.518809644591547681e+01
1.562191862769292641e+02
-2.376809136054405940e+02
-1.276747019338066451e+02
1.656455622212410503e+02
2.433637632796068928e+00
5.766815079328517157e+01
-1.879563553700616652e+01
1.013588701363113245e+02
-3.298386030005328848e+02
3.204557351195227710e+01
8.358239524300580570e+01
-2.645933664185246244e+02
-1.320375962766943587e+02
1.086779676481075398e+02
-3.661622350876986332e+01
5.766815079328517157e+01
-1.879563553700616652e+01
1.013588701363113245e+02
-3.298386030005328848e+02
3.204557351195227710e+01
8.358239524300580570e+01
-2.645933664185246244e+02
-1.320375962766943587e+02
1.086779676481075398e+02
-3.661622350876986332e+01
6.740890806163798743e+01
2.582695529645353716e+01
9.892008947951613607e+01
-3.270004905483565381e+02
3.354022581642848166e+01
6.709902659542977688e+01
-2.416261745343239511e+02
-1.244103195214714503e+02
7.778676912574142932e+01
-9.786721700676768165e+00
5.448576041528675518e+01
4.361387540301625876e+01
1.035851418242300213e+02
-3.113120857027660691e+02
3.938872984129108801e+01
9.329913523582500545e+01
-2.146242672104846179e+02
-7.716529343597764523e+01
1.397538705213413550e+02
-2.766356546559719476e+01
-8.541986528740565632e+00
5.443807966779328211e+01
1.073918991681933051e+02
-3.099029297861878831e+02
2.644477700964494105e+01
7.407424452957080518e+01
-1.954006028977202050e+02
-1.765161027415065220e+01
2.525863806585692544e+02
-1.423888446138932906e+01
1.833013573778153784e+02
5.027270183614077155e+02
4.041412891875449276e+01
-2.115367479854767225e+02
1.074582274208048638e+01
-1.377307370058248637e+02
-2.916659656744707831e+02
-1.488429891290423654e+02
-2.279716942257021817e+00
-4.148226600213298099e+01
3.068477515392486339e+02
7.028896391414760956e+02
1.832429449763221285e+01
4.463800793195633887e-02
3.139354189054906641e+01
-6.631394295150383300e+01
-3.142398744613188910e+02
-4.276833644133196799e+01
8.932226644978912944e+00
1.520940545529232679e+02
3.068477515392486339e+02
7.028896391414760956e+02
1.832429449763221285e+01
4.463800793195633887e-02
3.139354189054906641e+01
-6.631394295150383300e+01
-3.142398744613188910e+02
-4.276833644133196799e+01
8.932226644978912944e+00
1.520940545529232679e+02
3.887905944677871730e+02
7.652818157975542590e+02
-1.695047039356228780e+01
-4.573603743745761108e+01
6.511058118111837700e+01
4.413664759094460521e+01
-1.593424712242344583e+02
-2.404729348053182036e+01
4.688316250613728364e+00
1.025928823932382130e+02
4.556484200910378490e+02
8.124376356707147124e+02
-7.287917383161628493e+01
-9.718042890859891259e+01
1.094204915516460517e+02
9.371315806141706162e+01
-8.781524178849501538e+01
7.602083567114508611e+00
-4.402801755965879948e+01
8.242211791535925158e+01
4.690842386716140595e+02
8.540004824938024512e+02
-7.807860290210543042e+01
-1.216246017245713631e+02
1.567194595246432982e+02
1.213488772234941990e+02
-2.684267883422964474e+01
1.974969108376147986e+01
-6.091761132936028389e+01
5.248893054404584291e+01
4.548571274733104133e+02
8.591836595327181385e+02
-1.049980539506662751e+02
-7.564602301696994857e+01
1.278975309202023425e+02
1.020620858313698562e+02
1.845542743597522017e+00
1.649283915156701852e+01
-7.474179256782370828e+01
7.499670238546454470e+01
4.356087038631396808e+02
8.630161465592995000e+02
-1.093009900645845107e+02
-8.740864304312073330e+01
1.249946548274800477e+02
9.460221252994341512e+01
2.671933099889417207e+01
5.679229523963796211e+00
-7.962181493121840958e+01
8.331950295567276044e+01
4.356087038631396808e+02
8.630161465592995000e+02
-1.093009900645845107e+02
-8.740864304312073330e+01
1.249946548274800477e+02
9.460221252994341512e+01
2.671933099889417207e+01
5.679229523963796211e+00
-7.962181493121840958e+01
8.331950295567276044e+01
3.998248684565734266e+02
8.643721869192638678e+02
-1.121807327870180586e+02
-8.507634315151679516e+01
1.162285499355772487e+02
7.552380826218869458e+01
4.919747026334005113e+01
-4.888004264401166199e-01
-8.150748017073615870e+01
7.839094740220976121e+01
3.531276344408533987e+02
8.566526132965703937e+02
-1.165385930248984607e+02
-8.080738322423043485e+01
1.071690910572847741e+02
5.434248022341415663e+01
4.261836849121367976e+01
-1.152482869795248455e+01
-9.066576162095739733e+01
6.978971137741829978e+01
3.204753439827756551e+02
8.286178733224003281e+02
-1.240691764416405363e+02
-7.002387118136246613e+01
1.093819565536598617e+02
1.640720437942461629e+01
4.679723705272723322e+01
-1.249216142755332903e+01
-1.116813948344289997e+02
6.339816772623285601e+01
2.887655022353316099e+02
8.103296177285025124e+02
-1.273573906509915616e+02
-7.010796654844614295e+01
1.118456885281395898e+02
-9.195062982516011729e+00
5.552574107415063054e+01
-1.908406403852927369e+01
-1.196080417744698678e+02
5.450071627774946137e+01
2.887655022353316099e+02
8.103296177285025124e+02
-1.273573906509915616e+02
-7.010796654844614295e+01
1.118456885281395898e+02
-9.195062982516011729e+00
5.552574107415063054e+01
-1.908406403852927369e+01
-1.196080417744698678e+02
5.450071627774946137e+01
2.485269364621250361e+02
7.726295101363404001e+02
-1.308075614258374060e+02
-5.990712194452649442e+01
1.279965006997905448e+02
-6.503657314756122787e+01
6.262136404675969459e+01
-1.058158287048693857e+01
-1.261610763320802988e+02
4.616676885305740541e+01
2.227270991327125387e+02
6.931284285548745174e+02
-1.331927592295521094e+02
-1.509350698340653985e+01
1.659076921828470574e+02
-1.870872969934996775e+02
1.058789915447490557e+02
3.190058729684788474e+01
-1.579032824790440372e+02
4.381519793871088098e+01
1.881788144559891691e+02
5.487324382745790672e+02
-1.203183335089127297e+02
3.466325595810373272e+01
1.908141302425992194e+02
-2.927432081229176788e+02
1.702004474837177952e+02
1.120666047920058901e+02
-1.866805722194877148e+02
4.367527176838773073e+01
1.322117426217682521e+02
3.744561857478207116e+02
-1.273563344038709459e+02
1.320259872783659283e+01
1.834718256691617171e+02
-3.135810325679892685e+02
2.005894149806104565e+02
1.487060064505952255e+02
-1.848616564889503309e+02
7.427968645028175843e+01
4.895022047388327913e+00
1.549356023895095120e+02
-9.892587178604469500e+01
1.953988274934465252e+00
2.001719985733648457e+02
-2.972297164270424901e+02
2.386942692486150008e+02
1.974874430258511779e+02
-1.317554584947085061e+02
1.353889213757792049e+02
4.895022047388327913e+00
1.549356023895095120e+02
-9.892587178604469500e+01
1.953988274934465252e+00
2.001719985733648457e+02
-2.972297164270424901e+02
2.386942692486150008e+02
1.974874430258511779e+02
-1.317554584947085061e+02
1.353889213757792049e+02
-1.087712979849779344e+02
-1.215986316799786415e+01
-8.899374726513852352e+01
-3.536119251282315901e+01
1.953574386735567714e+02
-2.970930996154190780e+02
2.548173563288193009e+02
2.242539928566740741e+02
-2.017483768149536871e+01
1.778485675519755205e+02
-1.974103061400988679e+02
-1.207742531792554672e+02
-9.384902479771707817e+01
-6.742391861493371152e+01
1.685755706997960601e+02
-3.339302949651606696e+02
2.206440116226240207e+02
2.416918350567985101e+02
8.697558586547125969e+01
1.904374899152610112e+02
-2.438227635887400879e+02
-1.267127743897441263e+02
-9.141178611558869704e+01
-8.552108678806403930e+01
1.355318332510308892e+02
-3.545456063203650388e+02
1.737633069165428878e+02
2.365092711026527468e+02
1.920893258018442395e+02
2.143523717161016577e+02
-2.483018200064761629e+02
-3.234905406837565067e+01
-3.491210899277358948e+01
-1.015248333116078925e+02
1.529396372275380713e+02
-2.644024412794899490e+02
1.280278061157549416e+02
1.874610941256343040e+02
2.386932176279002533e+02
2.158931080484499319e+02
-2.352744320497223782e+02
1.497985641974018911e+01
3.846289476757824133e+01
-8.132290000678096931e+01
2.160019419147054691e+02
-1.374303281326817796e+02
5.752969840572809801e+01
1.404028643071970350e+02
2.196060595648550020e+02
2.144721883923124039e+02
-2.352744320497223782e+02
1.497985641974018911e+01
3.846289476757824133e+01
-8.132290000678096931e+01
2.160019419147054691e+02
-1.374303281326817796e+02
5.752969840572809801e+01
1.404028643071970350e+02
2.196060595648550020e+02
2.144721883923124039e+02
-1.989502220246423008e+02
-1.280580052842574368e+01
-2.527402602984627933e+01
-1.699480870434169049e+02
2.078681439003467801e+02
-1.173067001975749264e+02
1.825060571973155632e+01
1.179740282429995091e+01
2.619319630678560316e+02
2.065644177640207033e+02
-2.496540923765330149e+02
-1.086704550991532443e+02
-5.832544415645453029e+01
-2.083115114578722569e+02
1.756030258284477270e+02
-1.786139699052559990e+02
-9.554140207289826492e+01
-9.168309094695121075e+01
2.962692902610777423e+02
2.630660415037577877e+02
-2.336282081414114202e+02
-1.654180248161960947e+02
-7.103529507242571128e+01
-1.737384953419198439e+02
2.029475955655553037e+02
-2.435806976637174444e+02
-7.749770234041565686e+01
-1.096694314535171202e+02
3.017248542923416039e+02
1.880139515040686149e+02
-2.024580636011487798e+02
-2.281186752662863171e+02
-1.020739413533849813e+02
-1.075036959846646170e+02
2.420891262385952700e+02
-2.327148949327740581e+02
-5.070540501346440010e+01
-1.060394813738816282e+02
3.174763865939614789e+02
1.138196926357508971e+02
-1.691787023991628871e+02
-3.142328985950694005e+02
-1.511990017565749156e+02
-9.930468474990387051e+01
2.610139691965300699e+02
-2.007592580208753077e+02
-8.570764976802381341e+01
-1.119705886782389115e+02
2.921350456647732017e+02
9.818537322371250298e+01
-1.691787023991628871e+02
-3.142328985950694005e+02
-1.511990017565749156e+02
-9.930468474990387051e+01
2.610139691965300699e+02
-2.007592580208753077e+02
-8.570764976802381341e+01
-1.119705886782389115e+02
2.921350456647732017e+02
9.818537322371250298e+01
-1.221015878695826444e+02
-3.394983677194372262e+02
-1.839028325884708579e+02
-1.215583128753409312e+02
2.309307955314690730e+02
-1.795500714948383632e+02
-7.877152821162167129e+01
-8.928314174506751044e+01
2.213729673696316240e+02
8.936360410201606541e+00
-1.592386509135870654e+02
-3.587410741155651408e+02
-1.884110370737852236e+02
-1.361388996844918040e+02
1.902534950731271408e+02
-1.314888254369948015e+02
-9.400004812063252757e+01
-1.214656509814071654e+02
1.730865455244740190e+02
-9.050206865643282583e+01
-2.183312776198184793e+02
-3.266901692674158539e+02
-1.657639800287363414e+02
-8.880407738191260592e+01
2.254551447166828382e+02
-9.223014417922098573e+01
-1.487021825038774807e+02
-1.608969621989882910e+02
1.274625931011243978e+02
-1.500451389295129729e+02
-1.595482805730415237e+02
-3.399327375930529342e+02
-2.210988950065738265e+02
-1.352996680550824919e+02
2.969798346181235047e+02
5.606106115786393218e+01
-8.821358910372391904e+01
-2.439102180818678107e+02
2.015958031665098815e+02
-2.175786546385967029e+02
5.627936911459091363e+01
-4.485176822696586783e+02
-4.060581701927214340e+02
-1.688232990719772886e+02
4.567074387816025478e+02
1.296440257230556483e+02
1.755786176537169183e+02
-2.394962024371046709e+02
2.473296345922754824e+02
-2.019747513542848480e+02
5.627936911459091363e+01
-4.485176822696586783e+02
-4.060581701927214340e+02
-1.688232990719772886e+02
4.567074387816025478e+02
1.296440257230556483e+02
1.755786176537169183e+02
-2.394962024371046709e+02
2.473296345922754824e+02
-2.019747513542848480e+02
2.477395296250015804e+02
-5.179991339031049620e+02
-6.014376230219802437e+02
-1.577742736628709395e+02
5.001895862537137987e+02
1.052850324934767059e+02
1.852248060670707730e+02
-6.458551098535816948e+01
1.630199153600370892e+02
-1.471033134986047628e+02
3.838255077614057882e+02
-5.391882874531631842e+02
-7.559107767365871950e+02
-1.739520494458012365e+02
4.617529612217019803e+02
1.207311033838830525e+02
1.219890994636168244e+02
1.617836256943539297e+02
1.409234893169239911e+02
-7.604732986512873083e+01
5.127855614450375015e+02
-5.781393491728189247e+02
-7.029222053699627395e+02
-1.903009521396776904e+02
3.063040883084560164e+02
1.761554501999429760e+02
6.629786209984932555e+01
2.906346014939433076e+02
9.000165444163403095e+01
-9.093327338082278288e+01
6.574924327306639498e+02
-5.663175257918298939e+02
-5.772929103959918393e+02
-1.288464033738182763e+02
1.634413939802986135e+02
3.225167874007898376e+02
3.790928703735216487e+01
4.557694673411293138e+02
-4.958168212084668625e+01
-2.045012215204998824e+02
7.867387743382082590e+02
-6.204815741027041440e+02
-4.254859905135363647e+02
-6.974388484728758897e+01
8.642173394779067053e+01
3.804023623253740425e+02
-2.855120769197866792e+01
3.937318441146140913e+02
-9.336634394898609912e+01
-1.460353886538582913e+02
7.867387743382082590e+02
-6.204815741027041440e+02
-4.254859905135363647e+02
-6.974388484728758897e+01
8.642173394779067053e+01
3.804023623253740425e+02
-2.855120769197866792e+01
3.937318441146140913e+02
-9.336634394898609912e+01
-1.460353886538582913e+02
9.875647755536136856e+02
-7.373816254542584829e+02
-1.590273702554783597e+02
-4.436651663959832348e+01
9.822864025368086516e+01
3.673073687837845682e+02
-3.902019793829643390e+01
2.341460547079606727e+02
-3.583070401758634205e+01
-2.620289853746953312e+01
1.197289362388885365e+03
-7.808804851471713846e+02
1.029104549783259301e+02
-6.999237536726444375e+01
1.072732585055567966e+02
2.625949603550827192e+02
6.429833504518600762e+01
1.318058421833908085e+02
-3.990826681825301137e+01
-1.351605002109928222e+01
1.255881646133582763e+03
-7.561200093235779605e+02
1.437614400644942805e+02
-9.322536801383350280e+01
7.700454542489346466e+01
1.951744908102658087e+02
1.128685505740461110e+02
8.769421332127083701e+01
-1.032640070991647718e+02
2.279065155356091310e+01
1.274251878817985471e+03
-6.927938982291721004e+02
1.406198957289398948e+02
-9.922431380306736060e+01
7.202620155749175979e+01
1.611656860991416806e+02
1.300573981894194446e+02
5.524527843638774272e+01
-1.541867831966178528e+02
5.158272888754147090e+01
1.274251878817985471e+03
-6.927938982291721004e+02
1.406198957289398948e+02
-9.922431380306736060e+01
7.202620155749175979e+01
1.611656860991416806e+02
1.300573981894194446e+02
5.524527843638774272e+01
-1.541867831966178528e+02
5.158272888754147090e+01
1.293494393686367857e+03
-6.435478092525553393e+02
1.878656543007255664e+02
-7.699180734546554561e+01
8.208587900832604589e+01
1.701700308503397423e+02
1.319119309473630324e+02
5.974475003554520924e+01
-2.125159637764701017e+02
4.048221122294865637e+01
1.305059667111580893e+03
-6.095057003146931720e+02
2.095476199845896588e+02
-8.215325174449596091e+01
6.328116976796354010e+01
1.372982466430066495e+02
1.317284296565324837e+02
4.691791792393844673e+01
-2.448312185206829952e+02
3.533879563457144712e+01
1.321084631182337944e+03
-5.768774465107771903e+02
1.932813252630175782e+02
-1.357047620195257309e+02
4.400770451830764785e+01
5.742552457171544233e+01
1.279232911909640933e+02
-5.877714939902662916e-01
-2.579738281689876658e+02
3.836569474677389024e+01
1.318566806589677753e+03
-5.932589575061473397e+02
1.111501598710376868e+02
-2.690161193601829837e+02
8.485709567052596825e+00
-6.619006135925052092e+01
1.081061673402753769e+02
-1.060501836570555838e+02
-2.492682622074949279e+02
8.055029562710021196e+01
1.329750114857070230e+03
-5.669017873311398716e+02
1.290803786272044817e+02
-2.750345314936571981e+02
5.140958919317839104e+00
-6.878041873545450358e+01
1.030141926465759639e+02
-1.070872963141440550e+02
-2.734206047148140897e+02
7.118171589531911536e+01
1.329750114857070230e+03
-5.669017873311398716e+02
1.290803786272044817e+02
-2.750345314936571981e+02
5.140958919317839104e+00
-6.878041873545450358e+01
1.030141926465759639e+02
-1.070872963141440550e+02
-2.734206047148140897e+02
7.118171589531911536e+01
1.357271589814651634e+03
-4.865077027909887875e+02
9.877052823293728068e+01
-2.812210971592742794e+02
-7.038473520195710265e+00
-7.766729894947660284e+01
7.116801143241482919e+01
-1.335970750714440953e+02
-2.731223016525574963e+02
4.386384207231962051e+01
1.364330416250410281e+03
-4.335817533405146378e+02
7.825146447288690865e+01
-3.059223955349669382e+02
-2.184013158949776212e+01
-9.495982981267233924e+01
6.210066039996826248e+01
-1.507834253386241414e+02
-2.685966928417368536e+02
1.910416486825504379e+01
1.380356028660205538e+03
-3.594847099786144327e+02
6.457504359060183674e+01
-3.264339368374809851e+02
-2.644330064399236946e+01
-1.176231472100502344e+02
4.590886534287407272e+01
-1.671408111086295492e+02
-2.521505526166246511e+02
-1.592319453172015464e+01
1.382797552043812402e+03
-3.059788219626248065e+02
5.835654734287425072e+01
-3.412890442683236074e+02
-3.032548524435875592e+01
-1.295853643150227867e+02
2.450856117549490421e+01
-1.834486837867360691e+02
-2.348784895654877403e+02
-3.164770644009967882e+01
1.381768605357012802e+03
-2.535327166057573152e+02
6.401536618428865211e+01
-3.304265227793461008e+02
-2.464871232178505522e+01
-1.024828367049654645e+02
1.853215882650657287e+00
-1.696710668046881096e+02
-2.178920970777311652e+02
-5.392804531136934543e+01
1.381768605357012802e+03
-2.535327166057573152e+02
6.401536618428865211e+01
-3.304265227793461008e+02
-2.464871232178505522e+01
-1.024828367049654645e+02
1.853215882650657287e+00
-1.696710668046881096e+02
-2.178920970777311652e+02
-5.392804531136934543e+01
1.374553202857148790e+03
-1.811013112565968584e+02
6.011738712403798957e+01
-2.966062715937709413e+02
-1.542063584636029105e+01
-7.538150739192350613e+01
-1.319166338105356751e+01
-1.386683486937229475e+02
-1.993770252844363426e+02
-8.755610288311858369e+01
1.377543473409995613e+03
-1.445257548645118391e+02
9.436938117278725002e+00
-3.206570811434957022e+02
-2.538721521634037259e+01
-1.220307598255812138e+02
-3.090673809271005368e+01
-1.572131192635948196e+02
-1.443108201633586702e+02
-8.027220246550496086e+01
1.386398082102105036e+03
-1.226836211801143861e+02
-2.814694848151471973e+01
-3.431340157164615903e+02
-4.344050625505979468e+01
-1.612981271914106571e+02
-5.011490792485498957e+01
-1.727378691612140074e+02
-9.700432854328505528e+01
-6.067954657795749540e+01
1.380418885556730174e+03
-7.699714659434280861e+01
-5.249111711916792444e+01
-3.440812173043860867e+02
-5.776116107713070846e+01
-1.781280461313917556e+02
-6.795867664864752555e+01
-1.755576984888424192e+02
-6.026936364235184129e+01
-5.343918526953346060e+01
1.377607533035015877e+03
-3.482624421582828234e+01
-6.737614319702311150e+01
-3.215398734457500041e+02
-6.642507241363821890e+01
-1.731547369139261434e+02
-7.571480281338918417e+01
-1.655869717818506217e+02
-2.389121002028733187e+01
-5.007714188821696411e+01
1.377607533035015877e+03
-3.482624421582828234e+01
-6.737614319702311150e+01
-3.215398734457500041e+02
-6.642507241363821890e+01
-1.731547369139261434e+02
-7.571480281338918417e+01
-1.655869717818506217e+02
-2.389121002028733187e+01
-5.007714188821696411e+01
1.371808956885816997e+03
1.207274566136590011e+01
-7.577705730638939485e+01
-3.037722749196198606e+02
-6.640281100622517840e+01
-1.571365671852308310e+02
-8.125622479827212885e+01
-1.414211481396818897e+02
1.683437576392142887e+01
-6.478979322922643291e+01
1.360528399219444736e+03
4.282094148140605228e+01
-9.323227056383827005e+01
-3.082046361057864488e+02
-6.843166434869276316e+01
-1.543806682664380219e+02
-8.170834463512692025e+01
-1.341278918812081997e+02
5.949294600234392050e+01
-6.508445317750717152e+01
1.350018175588946178e+03
7.415941088295588202e+01
-1.121984745381369919e+02
-3.089332233928898290e+02
-8.043999800300044001e+01
-1.484495033163520930e+02
-7.147794483098965657e+01
-1.324452242390499350e+02
1.037717977096664725e+02
-5.657787889794240499e+01
1.330769226328801324e+03
9.847453819721924617e+01
-1.282343988502414049e+02
-2.779648526481888666e+02
-1.024657307484431641e+02
-1.292876197785089118e+02
-4.660034122944974655e+01
-1.306350199798702079e+02
1.376421987007383905e+02
-5.204002719564179102e+01
1.316830302292961505e+03
1.245467529321233400e+02
-1.471797889185247072e+02
-2.277925488151983302e+02
-1.332905997307778136e+02
-1.036892700344441351e+02
-3.160939734924181010e+01
-1.338597478525197459e+02
1.621462960304632759e+02
-4.609096455574461260e+01
1.316830302292961505e+03
1.245467529321233400e+02
-1.471797889185247072e+02
-2.277925488151983302e+02
-1.332905997307778136e+02
-1.036892700344441351e+02
-3.160939734924181010e+01
-1.338597478525197459e+02
1.621462960304632759e+02
-4.609096455574461260e+01
1.297687100142181407e+03
1.954105688208357776e+02
-1.229339673130200765e+02
-1.251585554820526767e+02
-1.333437661595870054e+02
-2.407071160165525114e+01
-2.284600943564711883e+01
-9.353910168484698318e+01
1.357743443762959146e+02
-5.949935682344416676e+01
1.285224849717049892e+03
2.750732956139374323e+02
-9.174580300238568498e+01
-1.134962108835746797e+01
-1.158256966726036126e+02
7.074782798812090334e+01
-1.272212514113004289e+01
-1.789892010936572220e+01
1.149463171822546741e+02
-8.611006505144410994e+01
1.276045448493338426e+03
3.071689618171574807e+02
-9.536639128835345502e+01
5.917387097775608851e+01
-1.194571763231801924e+02
1.077987465169861281e+02
-1.358680229543222140e+01
1.146824013986556245e+01
1.092233808294431441e+02
-9.063596903645066050e+01
1.242029061099858609e+03
3.316405932135967305e+02
-1.316011457153725246e+02
1.052696236430997487e+02
-1.251466024423836814e+02
1.306572255344026132e+02
-1.690930033061695781e+01
3.328037682596529123e+01
1.031823511963794857e+02
-8.412470321092162351e+01
1.222374429876207387e+03
3.381595026536380146e+02
-1.420336187606541785e+02
1.195761214898327012e+02
-1.328904499391365448e+02
1.340066532450824184e+02
-1.425390189264677510e+01
4.717344134419167290e+01
1.001602932514697244e+02
-8.438381646624299037e+01
1.222374429876207387e+03
3.381595026536380146e+02
-1.420336187606541785e+02
1.195761214898327012e+02
-1.328904499391365448e+02
1.340066532450824184e+02
-1.425390189264677510e+01
4.717344134419167290e+01
1.001602932514697244e+02
-8.438381646624299037e+01
1.238238975307290275e+03
3.187515715868282200e+02
-1.191530011747231725e+02
9.862782295939437915e+01
-1.460606805606643945e+02
1.118283761061060488e+02
-3.239660165703865058e+00
4.197701447326440416e+01
1.169241801081436876e+02
-9.708009323385608980e+01
1.235038421675478730e+03
2.685742052581736630e+02
-1.481462218619577413e+02
4.349090168118083000e+01
-1.775483839061528499e+02
5.028104235278819800e+01
-3.623407360511027520e+00
8.653764729268898392e+00
1.437993956246135951e+02
-7.293111877448195912e+01
1.201916513099524536e+03
2.315036862457691313e+02
-1.978300809183513707e+02
-1.974624217525795089e+01
-2.034281174555827647e+02
-8.013783203519958320e+00
-4.101343223691795714e+00
-3.271198687353777501e+01
1.528403707411180790e+02
-4.625718705668620601e+01
1.171966882896458173e+03
2.230792106149769438e+02
-2.178794347993723477e+02
-3.378316685430419852e+01
-2.176943361146418283e+02
-3.024038161943365921e+01
1.484304493423346916e+00
-5.441247601325457595e+01
1.541029853463239760e+02
-3.252623550390217133e+01
1.171966882896458173e+03
2.230792106149769438e+02
-2.178794347993723477e+02
-3.378316685430419852e+01
-2.176943361146418283e+02
-3.024038161943365921e+01
1.484304493423346916e+00
-5.441247601325457595e+01
1.541029853463239760e+02
-3.252623550390217133e+01
1.136727592303374649e+03
2.162725069359550218e+02
-2.242790214887216678e+02
-2.307330258260858358e+01
-2.120888018898065184e+02
-2.441749611446866552e+01
6.141940961503915553e+00
-3.782711514353685089e+01
1.485224834585740155e+02
-4.040680577062865098e+01
1.102268928051176317e+03
2.227679103588142766e+02
-2.366292257717877874e+02
-1.099615021919816193e+01
-2.028383040750797761e+02
-2.200317396677523973e+01
1.629046024172493645e+01
-2.245129964637105857e+01
1.468181619788391572e+02
-4.860371664628836186e+01
1.055995197525225649e+03
2.340327554581870118e+02
-2.444767466254259887e+02
7.773542669829717866e+00
-1.852040949481191205e+02
-1.192098384729471583e+01
3.242357854863286803e+01
2.658343420872009144e-01
1.366200497668279468e+02
-6.347108152279226090e+01
1.011634975415980989e+03
2.428603171302838462e+02
-2.468521936551283602e+02
2.118281273615820837e+01
-1.650015451724484592e+02
-4.716570491398437426e+00
4.686019554389842767e+01
1.400311654717613763e+01
1.253769229038898345e+02
-7.212204802765680256e+01
9.603373533217659315e+02
2.526137731238359265e+02
-2.474553435502871253e+02
4.343585138803943124e+01
-1.474179973090526801e+02
6.324799379549937761e+00
6.068630180939658914e+01
2.560924543354400384e+01
1.055613407345554720e+02
-7.840425688999135900e+01
9.603373533217659315e+02
2.526137731238359265e+02
-2.474553435502871253e+02
4.343585138803943124e+01
-1.474179973090526801e+02
6.324799379549937761e+00
6.068630180939658914e+01
2.560924543354400384e+01
1.055613407345554720e+02
-7.840425688999135900e+01
9.091618361510281829e+02
2.602636887766888663e+02
-2.481409555389367654e+02
6.886253277611614010e+01
-1.260949959459683782e+02
1.801938989296170135e+01
7.971677536361940497e+01
3.500443995913269646e+01
8.979079952011787213e+01
-8.395214177081584239e+01
8.672885098735855536e+02
2.638303939566721397e+02
-2.356121380299579471e+02
9.500252662300266593e+01
-1.021220899898588925e+02
3.076926873930147011e+01
8.989427564667947479e+01
5.116810798177923658e+01
8.506696753304025549e+01
-8.898773292870126284e+01
8.409623211873368973e+02
2.723059169096624714e+02
-2.120423148336455768e+02
1.219854266774734981e+02
-8.173354538283939519e+01
5.117130051102827082e+01
9.241053684491389220e+01
7.242437204620907210e+01
7.939075622602213400e+01
-9.270234565836527452e+01
7.071534449682505965e+02
3.170792887331809311e+02
-2.078979038414522336e+02
2.022241985206076436e+02
4.396166343995714243e+01
6.751076492240758853e+01
1.467895243348188501e+02
1.081427357303356303e+02
5.923257717690327695e+01
-7.962925076465232621e+01
5.869798796689000255e+02
3.417482519679018083e+02
-2.384833512399042377e+02
2.564449374399076760e+02
2.088289289931892654e+02
2.285817936271363138e+01
1.901001877641545832e+02
7.960790868392436437e+01
8.268585217465343362e+01
1.955778546732768675e+01
5.869798796689000255e+02
3.417482519679018083e+02
-2.384833512399042377e+02
2.564449374399076760e+02
2.088289289931892654e+02
2.285817936271363138e+01
1.901001877641545832e+02
7.960790868392436437e+01
8.268585217465343362e+01
1.955778546732768675e+01
4.929157905634654071e+02
3.213986527917866738e+02
-2.120086372114238031e+02
2.975987982944166674e+02
2.738043239614690378e+02
2.709686625603674770e+01
1.835595597784455606e+02
1.773402040223135856e+01
9.283690560923795942e+01
5.696356745943553790e+01
4.089921679796179319e+02
3.135832880324450116e+02
-1.616092485552354390e+02
3.244198419956058501e+02
2.954413435895173734e+02
4.824329621710396765e+01
1.936466997664519454e+02
-3.385823901269795044e+01
8.155534552036567675e+01
2.857842572673541426e+01
3.339613166403237869e+02
3.037550092470378331e+02
-1.121737288225760096e+02
3.430913819020744882e+02
2.844832248123166778e+02
6.608387729044278558e+01
2.188638830373651274e+02
-6.289762263257424735e+01
6.945429330205062968e+01
-7.510403931873505634e+00
2.675089592411592889e+02
2.806344559560122320e+02
-7.161024891627630495e+01
3.586878217121582111e+02
2.859767886704259467e+02
7.361104367613954480e+01
2.221758504257334437e+02
-7.495644692039896029e+01
6.326898074344393308e+01
-2.291476094532404417e+01
1.804102090126100677e+02
2.567300253713836469e+02
-5.000275619902745916e+01
3.702910476850713053e+02
2.790164549548210289e+02
7.968812051691080001e+01
2.196029343975943959e+02
-9.677988584671034289e+01
6.169427174320126994e+01
-3.522960051653944191e+01
1.804102090126100677e+02
2.567300253713836469e+02
-5.000275619902745916e+01
3.702910476850713053e+02
2.790164549548210289e+02
7.968812051691080001e+01
2.196029343975943959e+02
-9.677988584671034289e+01
6.169427174320126994e+01
-3.522960051653944191e+01
9.107758833071005711e+01
2.553303202822806384e+02
-8.876404171812778543e+01
3.962850718818020255e+02
2.844039125660542027e+02
9.464047576119418181e+01
2.086057130270352502e+02
-1.094951450715279151e+02
7.149740817102752999e+01
-1.809369648110937590e+01
3.149846579992780171e+00
2.412405743736069041e+02
-8.349574570570761978e+01
4.026180349602070123e+02
2.725953895254822896e+02
1.070463173429772610e+02
2.021270236402950786e+02
-1.398576394806317751e+02
5.958668149464689634e+01
-1.689766503988293067e+01
-2.648658561016127067e+01
2.507225339203900774e+02
-8.629038019789540215e+01
3.995054096871140246e+02
2.471335350949332792e+02
1.031777320620870313e+02
1.934842144317497059e+02
-1.539002250415068715e+02
5.624072192258736891e+01
-2.513209635087646276e+01
-7.447855502638432768e+01
2.312905485075284275e+02
-6.677851334524608262e+01
3.936946510804866648e+02
2.240365141164350007e+02
1.024244953142413266e+02
1.855299640603574289e+02
-1.749290207296070037e+02
4.362813460071981098e+01
-1.831433597981450845e+01
-1.502806107584487165e+02
8.011620411977841627e+01
-4.345066514402054736e+01
3.576218490645987913e+02
2.241338277321366945e+02
1.740200263603281314e+02
2.307983710619808733e+02
-2.018695474598198416e+02
-7.220679266966996579e+01
2.734247306499953822e+01
-1.502806107584487165e+02
8.011620411977841627e+01
-4.345066514402054736e+01
3.576218490645987913e+02
2.241338277321366945e+02
1.740200263603281314e+02
2.307983710619808733e+02
-2.018695474598198416e+02
-7.220679266966996579e+01
2.734247306499953822e+01
-2.341791718268585214e+02
-7.654663013458007015e+01
-3.943648727650122510e+01
3.456989919315844872e+02
2.168786425150859998e+02
2.619704138634314745e+02
2.340841589655830433e+02
-1.366593197712493861e+02
-3.388949037818408527e+01
1.010071784160473385e+02
-3.301762170370508329e+02
-2.107518764227600911e+02
-5.089441233609771587e+01
3.355281402930369268e+02
2.147984565977333773e+02
2.601298290552511503e+02
2.173238436991559297e+02
-7.736301591403930900e+01
4.740495110970888959e+01
9.042506024615275351e+01
-4.224723376330677524e+02
-2.755617686544730986e+02
-6.222899583255304634e+01
3.238506113527747061e+02
2.045904862979493828e+02
2.209256817862996911e+02
2.013297299674720193e+02
-1.001195127412613033e+02
8.659719088906990692e+01
1.166029393544953585e+01
-5.328754494049939012e+02
-3.262918490104758575e+02
-4.470032652019310149e+01
3.209642289121040903e+02
2.114587642070427762e+02
1.639253486321592277e+02
1.695027328888562295e+02
-1.473300807250623734e+02
1.502051650311470894e+02
-2.778926103760543143e+01
-5.328754494049939012e+02
-3.262918490104758575e+02
-4.470032652019310149e+01
3.209642289121040903e+02
2.114587642070427762e+02
1.639253486321592277e+02
1.695027328888562295e+02
-1.473300807250623734e+02
1.502051650311470894e+02
-2.778926103760543143e+01
-6.075484305499517177e+02
-3.398306047040946396e+02
-2.459608582201388316e+01
3.228628360476282637e+02
1.678589676942586095e+02
8.256928431060599394e+01
1.054374538838179092e+02
-2.004354508439940616e+02
1.564300256042811554e+02
1.096651523293346919e+01
-6.711702516250085182e+02
-3.335287087382082518e+02
-6.537528020614366220e+00
3.638005530916223620e+02
1.496023096007502318e+02
6.883050115853865947e+00
1.127699339397924128e+01
-2.064623476493757437e+02
1.085374846824143873e+02
4.349135240192199348e+01
-6.420080343537737235e+02
-2.510799404032720759e+02
-2.172143619013836613e+01
3.706570007482696951e+02
1.220954546957440954e+02
-8.805811829570245663e+01
-5.967967453332836669e+01
-2.770861115255717664e+02
-1.074910946832932446e+01
1.182572357949197617e+01
-6.197977399238722001e+02
-2.041200674487366200e+02
-1.246069948524906934e+01
3.788315935393140421e+02
1.074599925062839247e+02
-8.580268504218361159e+01
-9.774883007277220770e+01
-2.943614265978935123e+02
-6.460792678067835482e+01
2.157445849505038638e+01
-6.483116574351462305e+02
-2.261424997058747977e+02
5.203212162432685695e+00
3.860290938183964045e+02
9.485636236735491877e+01
-5.809538683843253182e+01
-1.251667209372160272e+02
-2.561440054579771299e+02
-6.196873511698743187e+01
3.334395129925037082e+01
-6.483116574351462305e+02
-2.261424997058747977e+02
5.203212162432685695e+00
3.860290938183964045e+02
9.485636236735491877e+01
-5.809538683843253182e+01
-1.251667209372160272e+02
-2.561440054579771299e+02
-6.196873511698743187e+01
3.334395129925037082e+01
-6.999095177646945558e+02
-2.667761774788772868e+02
2.544813149648976491e+01
3.926828967805278694e+02
8.325545068881564248e+01
-2.782212282673696535e+01
-1.257088999146176747e+02
-2.299934251215638312e+02
-7.424883973831231287e+01
-1.286894066407747061e+01
-7.229945219424498646e+02
-3.037399962684675643e+02
3.794932235840732204e+01
3.821521171160669041e+02
5.913191385190538796e+01
-1.256270858025709281e+01
-1.281468889395700046e+02
-2.102932743411159890e+02
-9.097756422713845836e+01
-3.487127708309744634e+01
-6.621167323224752863e+02
-2.985852478355927815e+02
2.612373946049025264e+01
3.740795063956604736e+02
3.978210682229782691e+01
-1.056225172976524185e+01
-1.416456533247783796e+02
-1.550550306877555329e+02
-1.021189947648396839e+02
-3.089040276255521533e+01
-6.466888480074318295e+02
-3.092330385863780862e+02
3.454260622915641932e+01
3.477636233845870493e+02
7.642396868833873214e+01
-1.124703572793186446e+01
-1.488870704677945014e+02
-1.370412663607628190e+02
-7.385809089724955356e+01
-3.203689600165530749e+01
-6.303240653761353087e+02
-2.832428388189130715e+02
4.592536285749789471e+01
3.485859989911372168e+02
8.270152099106802268e+01
-2.902587505711168858e-01
-1.306963308806712689e+02
-1.511619358528386101e+02
-6.306310814573194534e+01
-5.501505643298219184e+01
-6.303240653761353087e+02
-2.832428388189130715e+02
4.592536285749789471e+01
3.485859989911372168e+02
8.270152099106802268e+01
-2.902587505711168858e-01
-1.306963308806712689e+02
-1.511619358528386101e+02
-6.306310814573194534e+01
-5.501505643298219184e+01
-6.259488637208696673e+02
-2.507766890140148917e+02
2.406781937281337136e+01
3.624086324877217749e+02
7.401136791673485504e+01
-1.257807195491670882e+01
-1.385658841505950249e+02
-1.306283372011799315e+02
-3.788769664162679618e+01
-4.392001524681176505e+01
-6.342259739559642640e+02
-2.308893883881927138e+02
-1.287322034598034648e+01
3.670240203768411220e+02
6.436909089591537736e+01
7.893968645617759350e+00
-1.054042005511505380e+02
-1.560151537926650462e+02
-7.435220286738834261e+01
-8.165007612606200382e+01
-6.442092236097861360e+02
-2.322640115284540627e+02
-1.064761052542912623e+01
3.711375628974905680e+02
8.334931571352301205e+01
3.329644550176494988e+01
-8.574700429890155817e+01
-1.658746957465521916e+02
-1.371012687909595797e+02
-8.839353323825848463e+01
-6.814659698229277183e+02
-2.681921502268663176e+02
7.596444445002969559e+00
3.662688971129648507e+02
8.221518607603948681e+01
3.066477791940071640e+01
-1.070647191329923658e+02
-1.541407353649824188e+02
-1.444289444149669350e+02
-6.032213841019043343e+01
-6.982783047018400566e+02
-2.755507914926008652e+02
2.455305110775140420e+01
3.365915020459623292e+02
2.792301764898307681e+01
3.225124115870158192e+01
-1.011250359901684135e+02
-1.366788322358498533e+02
-1.384648693439035299e+02
-1.218065173901306508e+02
-6.982783047018400566e+02
-2.755507914926008652e+02
2.455305110775140420e+01
3.365915020459623292e+02
2.792301764898307681e+01
3.225124115870158192e+01
-1.011250359901684135e+02
-1.366788322358498533e+02
-1.384648693439035299e+02
-1.218065173901306508e+02
-6.843931670834758734e+02
-2.658286649949627645e+02
1.266684551833488293e+01
3.188087796084685124e+02
-8.147021439498536211e+01
-1.479452270755629861e+01
-1.134298069889311336e+02
-1.140131872683837742e+02
-1.753080496216529127e+02
-1.435547123791817796e+02
-6.167638277047055908e+02
-3.012372939909354841e+02
2.929011610372427299e-01
3.047852948226071135e+02
-1.022001840829103685e+02
2.742247113645432677e+01
-1.316004091834481073e+02
-2.156009720763612592e+01
-1.376024381177634268e+02
-1.273383773838634454e+02
-5.704197466395709171e+02
-3.298776734949952925e+02
-1.323142843170977834e+01
2.844825995604279569e+02
-1.153854634500572303e+02
1.085627564092567354e+01
-1.871641561013933881e+02
1.232756974629258622e+02
-1.904447284018655751e+01
-1.098706540041618496e+02
-4.967412678513884998e+02
-3.461132555876386618e+02
-9.038974352041476834e+01
2.937242832122308300e+02
-1.085735102975450985e+02
-1.970993737662787026e+01
-2.482987115151484261e+02
1.798347444663552608e+02
7.301242856584012486e+01
-1.080353705072517982e+02
-4.904018558659020073e+02
-3.300911194749596689e+02
-1.193152452799160130e+02
3.163337738347873369e+02
-1.183376946544849773e+02
-6.413910529236929392e+01
-2.777895594267695287e+02
1.831879508367899518e+02
8.901483191544990348e+01
-9.797786513317485912e+01
-4.904018558659020073e+02
-3.300911194749596689e+02
-1.193152452799160130e+02
3.163337738347873369e+02
-1.183376946544849773e+02
-6.413910529236929392e+01
-2.777895594267695287e+02
1.831879508367899518e+02
8.901483191544990348e+01
-9.797786513317485912e+01
-4.249304327210338101e+02
-2.048482189304850465e+02
-1.576244926997024720e+02
3.323727974870685102e+02
-1.411916130307970150e+02
-1.447703665896365806e+02
-3.137573096981399772e+02
1.894228994016295928e+02
1.292935554564590745e+02
-1.499255959518867201e+02
-3.700567004369315782e+02
-1.095375632718619556e+02
-1.713455494888554256e+02
3.234111344869242544e+02
-1.504722781344719067e+02
-1.998056723450719403e+02
-3.031346465001840897e+02
1.307323057457190032e+02
7.378735953504607892e+01
-1.826092665534342530e+02
-2.833281643294458831e+02
-1.056078671173867534e+01
-1.884019228442441829e+02
3.195428954263680339e+02
-1.644556323350681168e+02
-2.386047345793192562e+02
-2.964482293013987828e+02
4.644543908726145531e+01
-5.035389101374384779e+01
-1.559783869786473076e+02
-2.033353447258565723e+02
3.352822686516645945e+01
-1.885913352137582706e+02
3.190365378655856716e+02
-1.450857946662511608e+02
-1.829061929212523410e+02
-2.680448807743894122e+02
2.449854344362633185e+01
-1.139922369289488842e+02
-6.090830252295324954e+01
-1.235976819098222279e+02
7.538904867085494743e+01
-2.128788333238671839e+02
2.970112952274840268e+02
-1.370052581895083676e+02
-1.207841151654099434e+02
-2.134859377153150604e+02
5.289847513977205296e+01
-1.770233100360547667e+02
-1.229901140701660012e+01
-1.235976819098222279e+02
7.538904867085494743e+01
-2.128788333238671839e+02
2.970112952274840268e+02
-1.370052581895083676e+02
-1.207841151654099434e+02
-2.134859377153150604e+02
5.289847513977205296e+01
-1.770233100360547667e+02
-1.229901140701660012e+01
-8.359136220797229555e+01
7.503783907500049111e+01
-2.558698566450858607e+02
2.683899867995257864e+02
-1.387251082090636487e+02
-8.426496650107463893e+01
-1.648495873475933138e+02
7.806305092209373697e+01
-1.936009121509740396e+02
-3.440068586000292861e+00
-7.795093563218809152e+01
8.541454739987207745e+01
-2.657257696721837306e+02
2.639850893681408479e+02
-1.441693776404018763e+02
-7.433905163040320474e+01
-1.471649059655446194e+02
9.519354155698174225e+01
-1.992745877768927869e+02
-1.456932433293256857e+01
-8.790528137934279584e+01
7.927625261149722746e+01
-2.708134126602819265e+02
2.639524391377253210e+02
-1.415424705600345590e+02
-6.883059574801177405e+01
-1.339134053046982444e+02
1.087012861728938873e+02
-2.071840874936312673e+02
-1.004650237389356704e+01
-9.536616069540735907e+01
6.283386327021293738e+01
-2.835112616068213356e+02
2.495309351980731094e+02
-1.505418754633201388e+02
-5.945902504437852798e+01
-1.177473101764220900e+02
1.326181046277970097e+02
-2.062276376935714666e+02
3.339562506199540870e+00
-9.536616069540735907e+01
6.283386327021293738e+01
-2.835112616068213356e+02
2.495309351980731094e+02
-1.505418754633201388e+02
-5.945902504437852798e+01
-1.177473101764220900e+02
1.326181046277970097e+02
-2.062276376935714666e+02
3.339562506199540870e+00
-1.306398655887566633e+02
3.001689733212453604e+01
-2.692115442800680967e+02
2.391769643635276452e+02
-1.568482997014796467e+02
-3.819745815280075618e+01
-1.092044750995644335e+02
1.497627036126598057e+02
-1.838178112904984687e+02
1.384693754816690969e+01
-1.701172853166146695e+02
1.095780047710096738e+00
-2.652318829379466933e+02
2.347219503752880598e+02
-1.666357230830933531e+02
-2.725978316060825790e+01
-1.082945632919314249e+02
1.894719227258470653e+02
-1.091902617897957128e+02
5.904972169308454255e+00
-2.009363720606380070e+02
-1.390836306850041737e+01
-2.868649937215804471e+02
2.225712638559023162e+02
-1.900869048171733482e+02
-5.217149248181895160e+01
-1.118097960472627221e+02
1.988056904758251733e+02
-6.556761746725786111e+01
-2.223371634980930267e+00
-1.934540332771321118e+02
-2.698717052492787261e+01
-3.032938175872279771e+02
2.006741471559659544e+02
-1.866860703719132744e+02
-7.078093984771589930e+01
-1.006460992825742977e+02
1.783965883743841516e+02
-5.681610932239663470e+01
3.747858903108829765e+01
-1.864150024845419296e+02
1.984053010236156878e+00
-3.272803798655208425e+02
1.652015570060140703e+02
-2.078140083640634828e+02
-1.343950944883504519e+02
-1.070377772455781695e+02
1.306176470258943709e+02
-4.081745550633880981e+01
2.538652439468465261e+01
-1.864150024845419296e+02
1.984053010236156878e+00
-3.272803798655208425e+02
1.652015570060140703e+02
-2.078140083640634828e+02
-1.343950944883504519e+02
-1.070377772455781695e+02
1.306176470258943709e+02
-4.081745550633880981e+01
2.538652439468465261e+01
-1.858268564156769003e+02
8.289121124304790200e+00
-3.588892293370960260e+02
1.187261532691638877e+02
-2.309140571438477139e+02
-1.876706052126604618e+02
-1.242122808493763557e+02
7.506086650638327740e+01
-3.324474538236243149e+01
2.069654789501745995e+01
-1.630906952431999741e+02
2.968439748664668443e+01
-3.729044900680607952e+02
8.862099598965076552e+01
-2.383473075194732758e+02
-2.095906813206945856e+02
-1.183944061570815620e+02
1.728914389476113556e+01
-7.892253079562688356e+01
3.581656501394279957e+01
-1.602921369866247119e+02
3.864381236740633341e+01
-3.945211423237176973e+02
7.148750738856516307e+01
-2.489342166248694070e+02
-1.965154709096866839e+02
-1.131703802129073466e+02
-1.289270323083991343e+01
-1.050400565751920396e+02
6.811600534318590405e+01
-1.697234595429153217e+02
4.973779591923667454e+01
-4.078249418832139099e+02
6.635405738645593487e+01
-2.624859735807959282e+02
-1.849506540036237823e+02
-1.116521884775446409e+02
-1.958033484864689910e+01
-9.793693322169036719e+01
8.343989801069601242e+01
-1.476477437399308599e+02
4.371206035912082655e+01
-3.880217034508985989e+02
5.749773587821769638e+01
-2.609305945841186940e+02
-1.781217472236932906e+02
-8.768071845594865010e+01
-3.619577463915891968e+01
-1.265374967547756171e+02
9.340907179948410999e+01
-1.476477437399308599e+02
4.371206035912082655e+01
-3.880217034508985989e+02
5.749773587821769638e+01
-2.609305945841186940e+02
-1.781217472236932906e+02
-8.768071845594865010e+01
-3.619577463915891968e+01
-1.265374967547756171e+02
9.340907179948410999e+01
-1.647684633720747058e+02
-4.720427518903931485e+01
-3.716858773300079406e+02
1.983877309489129459e+01
-2.633324331225239234e+02
-1.510633330217354455e+02
-6.028234394460574919e+01
-6.298732848016197750e+01
-1.732455684161158160e+02
1.224622771305339910e+02
-2.389954696970271470e+02
-1.646116199158383608e+02
-3.595367002753093288e+02
3.636942638661782912e+00
-2.603410959934790867e+02
-7.470848567119691097e+01
-1.758621674807606183e+01
-4.474565791437154161e+01
-2.388148264702133190e+02
1.865324695632274938e+02
-2.824500458125428963e+02
-2.602148691995670333e+02
-3.341745101803531952e+02
4.557743819369068916e-01
-2.653583407992921366e+02
1.036555744148237146e+01
-2.211512307897141483e+00
8.075902254004491354e+00
-1.883954409982904963e+02
2.535108719759251983e+02
-3.467062650568072399e+02
-3.420541593421368134e+02
-3.036324244401071155e+02
8.294623970666281654e-01
-2.675349543763427391e+02
6.027448825513879882e+01
3.413674452121765235e+00
5.913518671108480618e+01
-8.526312940412850594e+01
2.844059030738771980e+02
-4.110072374547715981e+02
-3.868893950749065311e+02
-3.059966185994531429e+02
1.265773333348603202e+00
-2.898506242212404231e+02
5.389175174677403390e+01
-4.027940524374773013e+00
1.241160018265247373e+02
1.531155635679988158e+01
2.179443162000620191e+02
-4.110072374547715981e+02
-3.868893950749065311e+02
-3.059966185994531429e+02
1.265773333348603202e+00
-2.898506242212404231e+02
5.389175174677403390e+01
-4.027940524374773013e+00
1.241160018265247373e+02
1.531155635679988158e+01
2.179443162000620191e+02
-4.896754503884065457e+02
-3.995323252266669556e+02
-2.961378782646393688e+02
1.458064426708923333e+00
-3.029779613989604741e+02
1.750125390556173599e+01
1.632291178840744195e+01
1.358908433088896288e+02
7.031367473714246330e+01
1.407117379552329339e+02
-5.480734259613444692e+02
-3.970633839366788038e+02
-2.415723042444990654e+02
2.272668607046275824e+01
-3.117853997182629655e+02
-4.958854561483856571e+01
-1.440783536711495749e+01
1.345686571168993169e+02
1.503040409579639061e+02
1.113744864144348838e+02
-5.911200635981148253e+02
-3.514250420869472009e+02
-1.528788144489477361e+02
1.659332677759750396e+01
-3.330840272979426118e+02
-7.304448505218890375e+01
1.288651928277245595e+01
1.110191201053215480e+02
1.363332143305098896e+02
1.074257893375250035e+02
-7.569976651769950422e+02
-3.073792577322960824e+02
-2.237245566472351754e+01
-1.382232135954621466e+00
-3.691604305604016645e+02
-8.319191225510874688e+01
1.183399190931550606e+02
1.784271986550337630e+01
6.884589732401393292e+01
3.484192200080022417e+01
-8.521042002992595599e+02
-2.561695119546479305e+02
5.144714367266937671e+01
-1.035682474371775896e+01
-3.753010814203345262e+02
-6.729199112584609566e+01
2.125383607667735646e+02
-4.850841254713993322e+01
3.092464053301160831e+01
1.720766535285993371e+01
-8.521042002992595599e+02
-2.561695119546479305e+02
5.144714367266937671e+01
-1.035682474371775896e+01
-3.753010814203345262e+02
-6.729199112584609566e+01
2.125383607667735646e+02
-4.850841254713993322e+01
3.092464053301160831e+01
1.720766535285993371e+01
-8.502241250282363580e+02
-2.466026533015578650e+02
7.097766734848676151e+01
-1.988862651197093001e+01
-3.716008393922076607e+02
-6.901927942428844176e+01
2.332150172796193885e+02
-6.930290741163489088e+01
7.810056741997473573e+00
3.115674848944319919e+01
-8.540875372656843183e+02
-2.430101438054048515e+02
9.793829841705726835e+01
-2.267430014332924415e+01
-3.620403982837653984e+02
-6.824922594151520627e+01
2.435059650376966545e+02
-7.801622907581118227e+01
2.025387290172227495e+01
7.774483553149029547e+01
-8.711271062942375920e+02
-2.476750296338889541e+02
1.037353367861214366e+02
-2.976470077006831971e+01
-3.538212116925925557e+02
-6.280203257513384330e+01
2.612885110396986192e+02
-6.682551583259272832e+01
3.513123887713467042e+01
9.761687441723351810e+01
-8.986552963240884537e+02
-2.373315752269011227e+02
8.956222016742029268e+01
-5.948234930704177970e+01
-3.391617558012205222e+02
-7.417939286331026949e+01
2.939223652832395146e+02
-5.260680692986205997e+01
3.818815615415920206e+01
5.548808013358072344e+01
-9.249285201249754209e+02
-2.108444502059948036e+02
8.609857264813399524e+01
-9.970010346147370228e+01
-3.300881096059087554e+02
-1.154414253577807443e+02
3.057285390665458635e+02
-4.674924262536622876e+01
5.931416679664017266e+01
1.480024821755761089e+01
-9.249285201249754209e+02
-2.108444502059948036e+02
8.609857264813399524e+01
-9.970010346147370228e+01
-3.300881096059087554e+02
-1.154414253577807443e+02
3.057285390665458635e+02
-4.674924262536622876e+01
5.931416679664017266e+01
1.480024821755761089e+01
-9.440853843623400508e+02
-1.783734005520158803e+02
9.240827567479290394e+01
-1.210809870407370141e+02
-3.342257362475036189e+02
-1.546106026465198227e+02
3.023370186226997021e+02
-4.709852332845700573e+01
6.988807047880064260e+01
8.364240283999489378e+00
-9.509589855682523876e+02
-1.592076000743076918e+02
9.627839083158784206e+01
-1.224316071456425874e+02
-3.313783430810431696e+02
-1.670783849146293392e+02
3.048784974177961544e+02
-4.671021100764351530e+01
5.458362727267329007e+01
1.214753407523450868e+01
-9.655498657660000390e+02
-1.324084358992201089e+02
9.260322471437370950e+01
-1.349914252654909035e+02
-3.245661582705793649e+02
-1.702015439115536424e+02
3.144473420654988445e+02
-3.827391251283238205e+01
4.046577717503799221e+01
1.305319014382978082e+01
-9.645897602448010275e+02
-1.335652355205032222e+02
1.093459128981876063e+02
-1.599689189339789550e+02
-3.184393071828851021e+02
-1.308513182744827930e+02
3.161450693978651429e+02
-3.567642631795993680e+01
4.791028193940248059e+01
4.445675045760308564e+01
-9.645897602448010275e+02
-1.335652355205032222e+02
1.093459128981876063e+02
-1.599689189339789550e+02
-3.184393071828851021e+02
-1.308513182744827930e+02
3.161450693978651429e+02
-3.567642631795993680e+01
4.791028193940248059e+01
4.445675045760308564e+01
-9.616051500719776186e+02
-1.124509882594294794e+02
1.203172600300832471e+02
-1.707449247378120560e+02
-3.113505704488671313e+02
-1.206380809404213466e+02
3.000690436932836178e+02
-3.057120797403771917e+01
7.393153911847127802e+01
5.951772999510998119e+01
-9.731350192232436029e+02
-1.081043488307033584e+02
1.270544903824283978e+02
-1.660115187704932964e+02
-2.966118887128050119e+02
-7.933383008719350471e+01
2.911190578898796275e+02
-3.821291473194308619e+00
9.300788220471972068e+01
5.734158857650506036e+01
-9.850891821364479028e+02
-8.749694815244599511e+01
1.374602903510679255e+02
-1.796909291023626452e+02
-2.913342923077113369e+02
-3.622372364751088725e+01
2.683307673537079836e+02
1.517199061703312424e+01
1.311699015437226024e+02
1.949656385308530204e+01
-1.007172086447583183e+03
-3.492513971179985788e+01
1.661394502896856977e+02
-1.751225678962036341e+02
-2.928840879719989516e+02
-2.409325476501127383e+01
2.168363169692009649e+02
1.705545474294431685e+01
1.443573496222285826e+02
-3.939573733037812531e+01
-1.010457951239269846e+03
1.203675749182453458e+01
1.811658622246057746e+02
-1.589016946308520914e+02
-2.866178326565189991e+02
-2.551928822619726134e+01
1.453894714652292350e+02
1.643914319380536782e+01
1.516979955269522407e+02
-7.917862706596712030e+01
-1.010457951239269846e+03
1.203675749182453458e+01
1.811658622246057746e+02
-1.589016946308520914e+02
-2.866178326565189991e+02
-2.551928822619726134e+01
1.453894714652292350e+02
1.643914319380536782e+01
1.516979955269522407e+02
-7.917862706596712030e+01
-9.656740542612794798e+02
9.729191226651042257e+01
1.637631972271107088e+02
-1.338277450890446687e+02
-2.758522795087059194e+02
-3.098747883301913575e+01
8.361660383035433597e+01
2.998554231208568766e+01
1.938887531701371643e+02
-1.204661346268601676e+02
-9.633566959722753609e+02
1.435161082589586954e+02
1.431257005012841717e+02
-1.471604005487477878e+02
-2.619785563766998848e+02
-4.061724211440442645e+01
2.605234525442059379e+01
1.208650331613261741e+01
1.749678477319476428e+02
-1.863859173532689795e+02
-9.577717397789792813e+02
2.027914198070830594e+02
1.328198136646917646e+02
-1.674281762758285481e+02
-2.406394593717372175e+02
-4.878379156166922570e+01
3.445796724693393998e+01
-5.311493807725810257e+01
1.060163177012535556e+02
-2.293546515717245029e+02
-9.200986026574971675e+02
2.644341259572416902e+02
8.709437284900708676e+01
-2.057741716714774043e+02
-2.183374271725811298e+02
-5.247984985634213473e+01
5.287608682655589121e+01
-1.273583483537666723e+02
-1.899555558955867340e+01
-2.529731186287613696e+02
-8.808364480329962589e+02
2.825812675415281774e+02
7.826697139560235428e+01
-2.295882178845773751e+02
-1.904361270923255631e+02
-9.742058650266756104e+00
7.764423723352558682e+01
-1.981696587594224468e+02
-1.596881630792565545e+02
-2.202381864804449947e+02
-8.808364480329962589e+02
2.825812675415281774e+02
7.826697139560235428e+01
-2.295882178845773751e+02
-1.904361270923255631e+02
-9.742058650266756104e+00
7.764423723352558682e+01
-1.981696587594224468e+02
-1.596881630792565545e+02
-2.202381864804449947e+02
-8.351280925935245705e+02
2.957845823616291341e+02
9.988946804332326224e+01
-2.272869164842974214e+02
-1.571448355062491942e+02
1.019221120005861110e+02
1.300635301280283045e+02
-2.198681906765465897e+02
-2.776473840479974342e+02
-1.279467580733465297e+02
-7.895771437273164111e+02
2.886707946112113063e+02
8.040509389602055990e+01
-2.399368346033353987e+02
-1.362222712704577532e+02
2.503524296761511323e+02
2.047448016516544840e+02
-1.728845565702349063e+02
-3.158340485036439418e+02
-3.048918772009377065e+01
-8.094720696903474391e+02
2.661410001310286475e+02
7.306840193621114565e+01
-2.087143104966640408e+02
-1.244736949291763750e+02
3.660612257451174401e+02
2.436506749623552821e+02
-7.121892866812787304e+01
-2.330212568973441876e+02
-8.871655030337759484e+00
-8.521572068944002467e+02
2.656095949984993467e+02
9.519489836371779745e+01
-1.617862625869511248e+02
-1.177319669744239121e+02
3.850669269167067341e+02
2.259564329498137454e+02
1.021719435709944079e+01
-1.053783917121184572e+02
-2.291378530000276115e+01
-8.862251313613226102e+02
2.722056961213276622e+02
9.908115987182443973e+01
-1.215063582323898572e+02
-1.208593960714257776e+02
3.648859457614719872e+02
1.937508668004717833e+02
6.170714668047228457e+01
2.055444691715550221e+01
-7.222845913314732513e+01
-8.862251313613226102e+02
2.722056961213276622e+02
9.908115987182443973e+01
-1.215063582323898572e+02
-1.208593960714257776e+02
3.648859457614719872e+02
1.937508668004717833e+02
6.170714668047228457e+01
2.055444691715550221e+01
-7.222845913314732513e+01
-9.346027747069662155e+02
3.017227283565620155e+02
9.291575809896515636e+01
-1.014471656514890014e+02
-1.271702546315269586e+02
2.963072778704231496e+02
1.567570443101702438e+02
7.385392459091443129e+01
7.700317780305530846e+01
-2.017324719967749616e+02
-1.001957155556752014e+03
3.605802391178795006e+02
1.145452131798857351e+02
-3.694723965949983580e+01
-1.264445821974932471e+02
1.536889215212748638e+02
5.158134975466716554e+01
4.772182316783975864e+01
1.185184016241131957e+02
-2.596049302610541645e+02
-1.011867332435213370e+03
4.206880077727544176e+02
1.096140670995829396e+02
-2.820946536237728175e+00
-1.580335023257583771e+02
3.228319628958059440e+01
-3.999763426947890110e+01
-1.383635215897820281e+01
6.439298194089305127e+01
-2.003620548553392098e+02
-9.791985455880179643e+02
5.037578877858255169e+02
1.171658578261903187e+02
3.660845393565336536e+01
-1.679872787132673864e+02
-3.276048560336415783e+00
-6.885158090615560411e+01
-5.315103279285980165e+01
1.045739021452217798e+01
-1.934875717185904307e+02
-9.340156722408138421e+02
5.181058401111193916e+02
1.230009875360883882e+02
2.239386659267766788e+01
-1.561060536555301894e+02
3.202473895654762970e+01
-5.333857880444069366e+01
-8.371904197866876984e+01
-8.355210955746618140e+01
-1.105672280842779287e+02
-9.340156722408138421e+02
5.181058401111193916e+02
1.230009875360883882e+02
2.239386659267766788e+01
-1.561060536555301894e+02
3.202473895654762970e+01
-5.333857880444069366e+01
-8.371904197866876984e+01
-8.355210955746618140e+01
-1.105672280842779287e+02
-9.510489748843751840e+02
4.071746534610352910e+02
1.051309706807242748e+02
-3.875410541885024429e+01
-1.519293961031895321e+02
1.044282042729667666e+02
-9.554234055611972920e+00
-9.773465476522120809e+01
-1.901821556048044783e+02
-6.645857309271673508e+00
-9.390726732408586486e+02
3.423763240303572957e+02
1.045874119610861754e+02
-1.474926073469767474e+01
-1.223885696355630159e+02
2.778501951142281428e+02
7.246610217771997497e+01
-1.712097029590503183e+01
-2.626313298179738354e+02
2.333338601428852854e+01
-8.401446116273028792e+02
2.107375563359370858e+02
3.296997603145492661e+01
-1.299665450165905440e+02
-9.159856542235105792e+01
3.368918911981858741e+02
9.066014113687964482e+01
1.209523975681659778e+02
-1.849849974040111533e+02
4.491906804773599760e+01
-7.067108267924194251e+02
7.165561033033181104e+01
-6.246123568489085187e+01
-2.162845937322995837e+02
-3.357931782994800329e+01
3.496078590280234835e+02
3.530102064081535218e+01
2.810806375031597781e+02
-9.217365934534450389e+01
5.609394830440020030e+01
-7.223204669810240830e+02
1.113735576368487301e+01
-5.165392767977264299e+01
-2.860617985981245965e+02
1.239648300962235439e+01
3.076044918676131488e+02
-2.972364186661574093e-01
3.581255149022337037e+02
-3.393831807395620359e+01
-3.245113268847320853e+01
-7.223204669810240830e+02
1.113735576368487301e+01
-5.165392767977264299e+01
-2.860617985981245965e+02
1.239648300962235439e+01
3.076044918676131488e+02
-2.972364186661574093e-01
3.581255149022337037e+02
-3.393831807395620359e+01
-3.245113268847320853e+01
-7.030056483838164922e+02
-2.347921278137583911e+01
-6.592613138244892923e+01
-3.091633019998211580e+02
1.789221432946708035e+01
2.312959273498987898e+02
-4.049053898729825107e+01
3.467866201714492149e+02
4.834600367982286429e+01
-5.679969684155337717e+01
-7.291235472657766650e+02
-6.255651963770724677e+01
-8.018714115621683902e+01
-3.110938612926364044e+02
5.036484941997713127e-01
1.095666289751655853e+02
-1.632146868978106511e+02
3.516717081433408794e+02
7.196250832915563933e+01
3.236666246475257225e+01
-8.185141040446968645e+02
-4.074338696248039327e+01
-3.283317795316470722e+01
-2.932393454680476452e+02
3.311603513443825619e+01
4.900997228300271757e+01
-2.728909348341388750e+02
3.592365004907079538e+02
-1.453269888723692560e+01
3.308456899205181401e+01
-1.090737248423667324e+03
5.591511270286774504e+01
1.442946023472949832e+02
-3.054024876027949063e+02
6.772548037206763638e+01
4.458182892997016467e+01
-1.852450220024486498e+02
2.071786739525990981e+02
-8.759368316963654877e+01
-4.724780705630763578e+01
-1.090737248423667324e+03
5.591511270286774504e+01
1.442946023472949832e+02
-3.054024876027949063e+02
6.772548037206763638e+01
4.458182892997016467e+01
-1.852450220024486498e+02
2.071786739525990981e+02
-8.759368316963654877e+01
-4.724780705630763578e+01
-1.231532824707708869e+03
9.550979561892715708e+01
1.735378345408507244e+02
-3.034196410142026252e+02
1.766748760079095462e+02
3.181908798528275639e+01
-1.034484433030280428e+02
1.098890068626902234e+02
-1.128075594682011626e+02
-6.393909980179655861e+01
-1.275284872315550956e+03
1.134612324828594012e+02
1.441614026330484535e+02
-2.850181731129036393e+02
3.448943386002850957e+02
8.094576656857615404e+00
-8.030135896466207157e+01
1.167775797453138296e+02
-1.048230023167271696e+02
9.569743775052730328e+00
-1.277376144817196746e+03
1.169225382063679035e+02
1.265524085525414506e+02
-2.890349901290929893e+02
3.944534371029325825e+02
-6.745934829519521614e+00
-7.074032853156386125e+01
9.828300207660913657e+01
-7.451819757140970069e+01
3.189701978517192416e+01
-1.277980317571947808e+03
8.611842483795095404e+01
1.044246437667609229e+02
-3.202698993071018094e+02
3.969019937952651844e+02
-3.553746429894190584e+01
-7.325438203389181524e+01
6.501606610974171474e+01
-6.978755217668863509e+01
3.921119533350650954e+01
-1.277367068635855730e+03
6.057985585908407700e+01
1.040180547262408624e+02
-3.328235328798891146e+02
4.116215957600697948e+02
-6.100498112817614071e+01
-8.972147483739006191e+01
4.426104774580479528e+01
-7.079973161305406393e+01
3.513864619530249911e+01
-1.277367068635855730e+03
6.057985585908407700e+01
1.040180547262408624e+02
-3.328235328798891146e+02
4.116215957600697948e+02
-6.100498112817614071e+01
-8.972147483739006191e+01
4.426104774580479528e+01
-7.079973161305406393e+01
3.513864619530249911e+01
-1.272947904958097070e+03
6.002407967265314426e+01
1.022453455673345815e+02
-3.370823312365452011e+02
4.423756145829842126e+02
-7.699871769459502957e+01
-9.266049810803059472e+01
3.183307322023812702e+01
-5.815148450005022340e+01
3.421945024241696132e+01
-1.272362493801339269e+03
4.178260030813514447e+01
9.156775274515069896e+01
-3.606891946888161442e+02
4.395947073620054653e+02
-1.021007009295703511e+02
-9.078474535681699820e+01
1.239149295105124082e+01
-4.303882334865079429e+01
3.466546548920363335e+01
-1.270287457955775380e+03
3.818260920344735609e+01
7.814016314196105384e+01
-3.493559293004106507e+02
4.513540048493058521e+02
-1.087803279370137943e+02
-9.403346348143693945e+01
1.975718132263925497e+01
-5.585013451572445575e+01
2.301657447704452863e+01
-1.262012788806958497e+03
3.000252482237474183e+01
5.182470295212964118e+01
-3.443505196270315309e+02
4.639333408628951361e+02
-1.245968905479668933e+02
-1.064346121288762532e+02
1.905467669062732483e+01
-5.115617325239892921e+01
-6.449000261645615240e+00
-1.273992835103986408e+03
2.496360611706974808e+01
2.446651851597709992e+01
-3.534955002759797367e+02
4.892211695290304760e+02
-1.386166092644523076e+02
-1.227665527097112630e+02
1.132702481988695986e+01
-5.940070124118395967e+01
-2.118557071555065008e+01
-1.273992835103986408e+03
2.496360611706974808e+01
2.446651851597709992e+01
-3.534955002759797367e+02
4.892211695290304760e+02
-1.386166092644523076e+02
-1.227665527097112630e+02
1.132702481988695986e+01
-5.940070124118395967e+01
-2.118557071555065008e+01
-1.274925921880042097e+03
2.102873430499870011e+01
1.367127908383931256e+01
-3.475495450661893528e+02
5.080056241629192186e+02
-1.334974809734723920e+02
-1.369978811261088367e+02
1.476835551990264328e+01
-6.102215532904696715e+01
-3.157566750307019277e+01
-1.268924702632969229e+03
1.903693014406993456e+01
9.647891376934024876e+00
-3.417116260267636108e+02
5.188655338508076511e+02
-1.306915427438235611e+02
-1.433584059351661608e+02
6.225559149392537073e+00
-5.446359716245572713e+01
-4.195183426530942938e+01
